 nx,ny,nz          10          10          10
 total MC steps,  warm up steps   100000000    50000000
 temp energy/lattice ave_energy^2/lattice C_v/lattice
   1200.0000000000000       -318.22924238456307        103264754.63417536        1.3853499482794283     
   1199.0000000000000       -321.63439419770742        105592691.75919199        1.4913791992811207     
   1198.0000000000000       -321.22176198263946        105304099.72179456        1.4776152732037242     
   1197.0000000000000       -324.83185486450537        107768396.41361848        1.5722001180222873     
   1196.0000000000000       -324.43592281417358        107569982.17798637        1.6158335517094142     
   1195.0000000000000       -323.75820066604439        107074595.32379697        1.5792600446646921     
   1194.0000000000000       -329.24084224675840        110736754.46193379        1.6394242699952355     
   1193.0000000000000       -327.86136644096689        109726245.24059844        1.5690646092570375     
   1192.0000000000000       -330.98246424782121        111773409.48869036        1.5652573709588811     
   1191.0000000000000       -329.56989383117372        110887508.14150250        1.6011446199218689     
   1190.0000000000000       -332.38063980052107        112867963.56554575        1.6884922331346814     
   1189.0000000000000       -337.31317363107007        116241161.34953859        1.7407849529533521     
   1188.0000000000000       -339.15099124563926        117447181.25165237        1.7173604654518708     
   1187.0000000000000       -338.55933013941473        117124113.58210379        1.7755490416429176     
   1186.0000000000000       -339.09735550635224        117569996.89201042        1.8363342285979600     
   1185.0000000000000       -343.28504923653094        120343072.17891799        1.7792356279018897     
   1184.0000000000000       -342.33798063322178        119772810.64053047        1.8386465203974884     
   1183.0000000000000       -347.74996546050761        123420120.81095287        1.7792796750589863     
   1182.0000000000000       -347.37572952447903        123227778.94111970        1.8308192246756112     
   1181.0000000000000       -350.64647994002274        125489184.83245260        1.8183982331910737     
   1180.0000000000000       -349.52581156811021        124768183.77352163        1.8672011068482712     
   1179.0000000000000       -349.69150773909939        124909589.86336002        1.8887495250250927     
   1178.0000000000000       -353.19732752575402        127324271.42392191        1.8562722151348305     
   1177.0000000000000       -357.68724434568753        130603183.30825298        1.9223004359552096     
   1176.0000000000000       -360.46371168576911        132575064.27784793        1.9096331646873552     
   1175.0000000000000       -361.67087819702203        133441502.32837203        1.9090471290661049     
   1174.0000000000000       -363.94831113535696        135016617.14058310        1.8561187761410063     
   1173.0000000000000       -363.13175279233911        134542443.70350507        1.9461569728296881     
   1172.0000000000000       -365.64220421670967        136391658.87508577        1.9637949849676153     
   1171.0000000000000       -371.63407727005546        140763810.54798475        1.9339584796685714     
   1170.0000000000000       -367.67307629947828        137944547.62938711        2.0169892569691923     
   1169.0000000000000       -374.95100031090738        143267645.56647944        1.9606830081711573     
   1168.0000000000000       -377.33469010228072        145014508.09838095        1.9300640831687079     
   1167.0000000000000       -376.97203129433098        144866232.36784291        2.0253632929474246     
   1166.0000000000000       -377.35506530173973        145095243.05784053        1.9847639589397341     
   1165.0000000000000       -380.61596039587636        147577791.96112221        1.9961927116335818     
   1164.0000000000000       -383.45144809811853        149678146.37415725        1.9508016302455404     
   1163.0000000000000       -385.87110525095125        151511888.31613436        1.9336377283108388     
   1162.0000000000000       -389.09878702428978        153976376.91441026        1.9096628836244909     
   1161.0000000000000       -391.81709201815704        156108278.00710186        1.9197300209262322     
   1160.0000000000000       -393.09180090398053        157009743.73376679        1.8494201812069748     
   1159.0000000000000       -391.61939440510116        156099160.62752792        2.0348762122815307     
   1158.0000000000000       -395.97828643926641        159393906.80928972        1.9352521603205031     
   1157.0000000000000       -402.02628294568342        164021842.02005357        1.7903945253243030     
   1156.0000000000000       -402.21881338722949        164378583.11306804        1.9445777637039612     
   1155.0000000000000       -400.70424320443544        163234939.77591392        2.0022482741137346     
   1154.0000000000000       -404.17351292302942        165773689.12796298        1.8152973903000036     
   1153.0000000000000       -405.53810233477657        167081112.38491976        1.9707704247737554     
   1152.0000000000000       -406.51905753836900        167806968.53850061        1.9208927081953120     
   1151.0000000000000       -410.68590015409086        171198197.84148002        1.9137132717322460     
   1150.0000000000000       -407.68384800898968        168924613.27017570        2.0555715257154703     
