 temp magnetization/lattice ave_magnetization^2/lattice susceptibility/lattice
   1200.0000000000000        1.2682294731770024E-004  0.28700047321467198        2.3915365762892138E-004
   1199.0000000000000        3.9030636096937639E-005  0.28724179911057840        2.3956653521269749E-004
   1198.0000000000000        5.9590954040912288E-005  0.28477368447741364        2.3770461886111029E-004
   1197.0000000000000        1.9847958015202333E-005  0.28623315113144654        2.3912511043442704E-004
   1196.0000000000000        1.2336718766327423E-004  0.28683972891073262        2.3981982395296039E-004
   1195.0000000000000        1.5050418494957443E-004  0.28392271664248298        2.3757327626175366E-004
   1194.0000000000000        3.8794356120562315E-005  0.28414965981978901        2.3798002916057136E-004
   1193.0000000000000        7.9359272064061787E-005  0.28298218241647122        2.3719688560134845E-004
   1192.0000000000000        3.5139276486075344E-005  0.28175559277912632        2.3637110571340128E-004
   1191.0000000000000        5.2292674770733633E-005  0.27966773050792565        2.3481527790435847E-004
   1190.0000000000000        5.0827914917214038E-005  0.28087574246708269        2.3602786469760327E-004
   1189.0000000000000        5.8364234163585832E-005  0.27956794291784315        2.3512576663920403E-004
   1188.0000000000000        1.6684798331520829E-005  0.27898621193610418        2.3483664440539462E-004
   1187.0000000000000        6.9352793064692381E-006  0.27726775338792742        2.3358694632672985E-004
   1186.0000000000000        2.4742957525701996E-005  0.27939013189571543        2.3557295082779790E-004
   1185.0000000000000        1.0473142952684521E-004  0.27606522294816971        2.3295717660408357E-004
   1184.0000000000000        5.6368834363117808E-005  0.27863770821089212        2.3533321855186205E-004
   1183.0000000000000        4.0725515927450712E-005  0.27501447665318712        2.3247068308160571E-004
   1182.0000000000000        4.1311595868780641E-006  0.27554524596015223        2.3311779094219349E-004
   1181.0000000000000        5.5729514427051014E-005  0.27418522457619654        2.3216098120018482E-004
   1180.0000000000000        7.7705752229420371E-005  0.27406006218868695        2.3224917288538761E-004
   1179.0000000000000        3.1644796835557638E-006  0.27411864906280781        2.3250096611439875E-004
   1178.0000000000000        1.4692918530705964E-005  0.27261528801315760        2.3142196276001921E-004
   1177.0000000000000        8.8413591158638929E-006  0.27071801436289317        2.3000674273004429E-004
   1176.0000000000000        3.1508396849194703E-006  0.27100642817396942        2.3044763456307710E-004
   1175.0000000000000        4.9998075000199273E-005  0.26841013539364378        2.2843203028607664E-004
   1174.0000000000000        4.5120675487934117E-005  0.26837231035737802        2.2859478235265888E-004
   1173.0000000000000        6.2641473735845730E-005  0.26748105876647504        2.2802824792177601E-004
   1172.0000000000000        3.4984396501590388E-006  0.26417219925739771        2.2540288994737009E-004
   1171.0000000000000        1.3545970645401819E-004  0.26460856305375113        2.2595236013806878E-004
   1170.0000000000000        3.4970756502931329E-005  0.26375795337882513        2.2543310292736304E-004
   1169.0000000000000        5.0635194936492086E-006  0.26358443587609542        2.2547853741391427E-004
   1168.0000000000000        3.7699196230077122E-005  0.26362435619218250        2.2570456760512506E-004
   1167.0000000000000        4.1852795814709782E-006  0.26186217396842443        2.2438916576851694E-004
   1166.0000000000000        2.2659117734092489E-005  0.26056263409826241        2.2346665579986782E-004
   1165.0000000000000        1.9785038021495445E-005  0.26110570492396268        2.2412473259762498E-004
   1164.0000000000000        3.3584316641563795E-005  0.25874631603994264        2.2228968052716356E-004
   1163.0000000000000        7.1217512878246687E-005  0.25889837298475887        2.2260816943303380E-004
   1162.0000000000000        2.1199197880098972E-006  0.25761153503339451        2.2169666999942737E-004
   1161.0000000000000        1.0514238948577211E-005  0.25616334557819054        2.2064016798360885E-004
   1160.0000000000000        1.4516610548337701E-004  0.25546408972810730        2.2020949700855700E-004
   1159.0000000000000        2.7830877216913024E-005  0.25540244661424238        2.2036382403495749E-004
   1158.0000000000000        9.1026310897367670E-005  0.25209988790444876        2.1769568403728250E-004
   1157.0000000000000        5.2481434751856587E-005  0.25304104957040396        2.1870207024149557E-004
   1156.0000000000000        3.7396036260404827E-005  0.25134596469984560        2.1742609536013637E-004
   1155.0000000000000        8.1733951826585836E-005  0.25282407063207701        2.1888951531878431E-004
   1154.0000000000000        9.1369070863092804E-005  0.25066564556787024        2.1720736331088373E-004
   1153.0000000000000        6.9167113083286194E-005  0.25096192833828168        2.1765580593993876E-004
   1152.0000000000000        1.0013606998638921E-004  0.24872717736174169        2.1590030393162272E-004
   1151.0000000000000        9.4413870558600189E-005  0.24883704975079865        2.1618430562280174E-004
   1150.0000000000000        1.2205818779419925E-004  0.24956098343837935        2.1699659585841025E-004
