 initial spin configuration
 k=           1
           1           1           1           1           1           1           1           1           1           1           1           1
           1           1           1           1           1           1           1           1           1           1           1           1
           1           1           1           1           1           1           1           1           1           1           1           1
           1           1           1           1           1           1           1           1           1           1           1           1
           1           1           1           1           1           1           1           1           1           1           1           1
           1           1           1           1           1           1           1           1           1           1           1           1
           1           1           1           1           1           1           1           1           1           1           1           1
           1           1           1           1           1           1           1           1           1           1           1           1
           1           1           1           1           1           1           1           1           1           1           1           1
           1           1           1           1           1           1           1           1           1           1           1           1
           1           1           1           1           1           1           1           1           1           1           1           1
           1           1           1           1           1           1           1           1           1           1           1           1
 k=           2
           1           1           1           1           1           1           1           1           1           1           1           1
           1           1           1           1           1           1           1           1           1           1           1           1
           1           1           1           1           1           1           1           1           1           1           1           1
           1           1           1           1           1           1           1           1           1           1           1           1
           1           1           1           1           1           1           1           1           1           1           1           1
           1           1           1           1           1           1           1           1           1           1           1           1
           1           1           1           1           1           1           1           1           1           1           1           1
           1           1           1           1           1           1           1           1           1           1           1           1
           1           1           1           1           1           1           1           1           1           1           1           1
           1           1           1           1           1           1           1           1           1           1           1           1
           1           1           1           1           1           1           1           1           1           1           1           1
           1           1           1           1           1           1           1           1           1           1           1           1
 k=           3
           1           1           1           1           1           1           1           1           1           1           1           1
           1           1           1           1           1           1           1           1           1           1           1           1
           1           1           1           1           1           1           1           1           1           1           1           1
           1           1           1           1           1           1           1           1           1           1           1           1
           1           1           1           1           1           1           1           1           1           1           1           1
           1           1           1           1           1           1           1           1           1           1           1           1
           1           1           1           1           1           1           1           1           1           1           1           1
           1           1           1           1           1           1           1           1           1           1           1           1
           1           1           1           1           1           1           1           1           1           1           1           1
           1           1           1           1           1           1           1           1           1           1           1           1
           1           1           1           1           1           1           1           1           1           1           1           1
           1           1           1           1           1           1           1           1           1           1           1           1
 k=           4
           1           1           1           1           1           1           1           1           1           1           1           1
           1           1           1           1           1           1           1           1           1           1           1           1
           1           1           1           1           1           1           1           1           1           1           1           1
           1           1           1           1           1           1           1           1           1           1           1           1
           1           1           1           1           1           1           1           1           1           1           1           1
           1           1           1           1           1           1           1           1           1           1           1           1
           1           1           1           1           1           1           1           1           1           1           1           1
           1           1           1           1           1           1           1           1           1           1           1           1
           1           1           1           1           1           1           1           1           1           1           1           1
           1           1           1           1           1           1           1           1           1           1           1           1
           1           1           1           1           1           1           1           1           1           1           1           1
           1           1           1           1           1           1           1           1           1           1           1           1
 k=           5
           1           1           1           1           1           1           1           1           1           1           1           1
           1           1           1           1           1           1           1           1           1           1           1           1
           1           1           1           1           1           1           1           1           1           1           1           1
           1           1           1           1           1           1           1           1           1           1           1           1
           1           1           1           1           1           1           1           1           1           1           1           1
           1           1           1           1           1           1           1           1           1           1           1           1
           1           1           1           1           1           1           1           1           1           1           1           1
           1           1           1           1           1           1           1           1           1           1           1           1
           1           1           1           1           1           1           1           1           1           1           1           1
           1           1           1           1           1           1           1           1           1           1           1           1
           1           1           1           1           1           1           1           1           1           1           1           1
           1           1           1           1           1           1           1           1           1           1           1           1
 k=           6
           1           1           1           1           1           1           1           1           1           1           1           1
           1           1           1           1           1           1           1           1           1           1           1           1
           1           1           1           1           1           1           1           1           1           1           1           1
           1           1           1           1           1           1           1           1           1           1           1           1
           1           1           1           1           1           1           1           1           1           1           1           1
           1           1           1           1           1           1           1           1           1           1           1           1
           1           1           1           1           1           1           1           1           1           1           1           1
           1           1           1           1           1           1           1           1           1           1           1           1
           1           1           1           1           1           1           1           1           1           1           1           1
           1           1           1           1           1           1           1           1           1           1           1           1
           1           1           1           1           1           1           1           1           1           1           1           1
           1           1           1           1           1           1           1           1           1           1           1           1
 k=           7
           1           1           1           1           1           1           1           1           1           1           1           1
           1           1           1           1           1           1           1           1           1           1           1           1
           1           1           1           1           1           1           1           1           1           1           1           1
           1           1           1           1           1           1           1           1           1           1           1           1
           1           1           1           1           1           1           1           1           1           1           1           1
           1           1           1           1           1           1           1           1           1           1           1           1
           1           1           1           1           1           1           1           1           1           1           1           1
           1           1           1           1           1           1           1           1           1           1           1           1
           1           1           1           1           1           1           1           1           1           1           1           1
           1           1           1           1           1           1           1           1           1           1           1           1
           1           1           1           1           1           1           1           1           1           1           1           1
           1           1           1           1           1           1           1           1           1           1           1           1
 k=           8
           1           1           1           1           1           1           1           1           1           1           1           1
           1           1           1           1           1           1           1           1           1           1           1           1
           1           1           1           1           1           1           1           1           1           1           1           1
           1           1           1           1           1           1           1           1           1           1           1           1
           1           1           1           1           1           1           1           1           1           1           1           1
           1           1           1           1           1           1           1           1           1           1           1           1
           1           1           1           1           1           1           1           1           1           1           1           1
           1           1           1           1           1           1           1           1           1           1           1           1
           1           1           1           1           1           1           1           1           1           1           1           1
           1           1           1           1           1           1           1           1           1           1           1           1
           1           1           1           1           1           1           1           1           1           1           1           1
           1           1           1           1           1           1           1           1           1           1           1           1
 k=           9
           1           1           1           1           1           1           1           1           1           1           1           1
           1           1           1           1           1           1           1           1           1           1           1           1
           1           1           1           1           1           1           1           1           1           1           1           1
           1           1           1           1           1           1           1           1           1           1           1           1
           1           1           1           1           1           1           1           1           1           1           1           1
           1           1           1           1           1           1           1           1           1           1           1           1
           1           1           1           1           1           1           1           1           1           1           1           1
           1           1           1           1           1           1           1           1           1           1           1           1
           1           1           1           1           1           1           1           1           1           1           1           1
           1           1           1           1           1           1           1           1           1           1           1           1
           1           1           1           1           1           1           1           1           1           1           1           1
           1           1           1           1           1           1           1           1           1           1           1           1
 k=          10
           1           1           1           1           1           1           1           1           1           1           1           1
           1           1           1           1           1           1           1           1           1           1           1           1
           1           1           1           1           1           1           1           1           1           1           1           1
           1           1           1           1           1           1           1           1           1           1           1           1
           1           1           1           1           1           1           1           1           1           1           1           1
           1           1           1           1           1           1           1           1           1           1           1           1
           1           1           1           1           1           1           1           1           1           1           1           1
           1           1           1           1           1           1           1           1           1           1           1           1
           1           1           1           1           1           1           1           1           1           1           1           1
           1           1           1           1           1           1           1           1           1           1           1           1
           1           1           1           1           1           1           1           1           1           1           1           1
           1           1           1           1           1           1           1           1           1           1           1           1
 k=          11
           1           1           1           1           1           1           1           1           1           1           1           1
           1           1           1           1           1           1           1           1           1           1           1           1
           1           1           1           1           1           1           1           1           1           1           1           1
           1           1           1           1           1           1           1           1           1           1           1           1
           1           1           1           1           1           1           1           1           1           1           1           1
           1           1           1           1           1           1           1           1           1           1           1           1
           1           1           1           1           1           1           1           1           1           1           1           1
           1           1           1           1           1           1           1           1           1           1           1           1
           1           1           1           1           1           1           1           1           1           1           1           1
           1           1           1           1           1           1           1           1           1           1           1           1
           1           1           1           1           1           1           1           1           1           1           1           1
           1           1           1           1           1           1           1           1           1           1           1           1
 finial spin configuration
 k=           1
          -1           1          -1           1          -1           1          -1           1          -1           1          -1           1
          -1           1           1          -1           1          -1           1          -1           1          -1          -1           1
          -1           1          -1          -1          -1           1          -1           1          -1           1          -1           1
           1          -1           1           1           1          -1           1          -1           1           1           1          -1
          -1           1          -1           1          -1           1          -1           1           1          -1          -1           1
           1          -1           1           1           1          -1          -1          -1           1          -1           1          -1
          -1           1          -1          -1          -1          -1           1           1           1           1          -1           1
           1          -1           1           1           1           1          -1          -1          -1          -1           1          -1
          -1           1          -1          -1          -1           1          -1           1          -1           1          -1           1
           1          -1           1          -1           1          -1           1          -1           1          -1           1          -1
          -1           1          -1           1          -1           1          -1           1          -1           1          -1           1
          -1           1           1          -1           1          -1           1          -1           1          -1          -1           1
 k=           2
           1          -1           1          -1           1          -1           1          -1           1          -1           1          -1
          -1           1          -1           1          -1           1          -1           1          -1           1          -1           1
           1          -1           1          -1           1          -1           1          -1           1          -1           1          -1
          -1           1           1           1          -1           1          -1           1          -1           1          -1           1
           1          -1           1           1           1          -1           1          -1          -1           1           1          -1
          -1           1          -1          -1          -1           1          -1           1           1           1          -1           1
          -1           1           1          -1           1          -1           1          -1          -1          -1          -1           1
          -1           1          -1           1          -1           1          -1           1          -1           1          -1           1
           1           1           1          -1          -1           1           1          -1           1          -1           1           1
          -1           1          -1           1           1           1           1           1          -1           1          -1           1
           1          -1           1          -1           1          -1           1          -1           1          -1           1          -1
          -1           1          -1           1          -1           1          -1           1          -1           1          -1           1
 k=           3
          -1           1          -1           1          -1           1          -1           1          -1           1          -1           1
          -1          -1          -1           1           1          -1           1          -1           1           1          -1          -1
          -1           1          -1          -1           1           1          -1          -1          -1          -1          -1           1
          -1          -1           1          -1           1          -1           1          -1           1           1          -1          -1
           1           1          -1           1          -1           1           1           1           1          -1           1           1
          -1          -1           1           1           1           1          -1           1          -1           1          -1          -1
           1          -1          -1           1          -1           1          -1           1           1           1           1          -1
          -1           1           1          -1           1           1           1          -1           1          -1          -1           1
           1           1          -1           1           1          -1           1           1          -1           1           1           1
           1          -1           1          -1           1           1          -1          -1           1          -1           1          -1
          -1           1          -1           1          -1           1          -1           1          -1           1          -1           1
          -1          -1          -1           1           1          -1           1          -1           1           1          -1          -1
 k=           4
           1          -1          -1           1           1           1           1          -1           1          -1           1          -1
          -1           1          -1           1          -1           1          -1           1          -1           1          -1           1
           1          -1           1          -1           1          -1           1          -1           1          -1           1          -1
           1           1          -1           1          -1           1          -1           1          -1          -1           1           1
          -1           1          -1          -1          -1           1          -1           1          -1          -1          -1           1
          -1          -1          -1           1          -1           1          -1           1          -1           1          -1          -1
           1           1          -1          -1           1          -1           1          -1           1          -1           1           1
          -1           1           1           1          -1           1           1           1          -1           1          -1           1
           1          -1           1          -1           1          -1          -1           1           1          -1           1          -1
          -1           1          -1           1          -1          -1          -1           1          -1           1          -1           1
           1          -1          -1           1           1           1           1          -1           1          -1           1          -1
          -1           1          -1           1          -1           1          -1           1          -1           1          -1           1
 k=           5
           1           1          -1           1          -1           1          -1           1          -1           1           1           1
           1          -1           1          -1           1          -1           1          -1           1          -1           1          -1
          -1           1          -1           1          -1           1           1          -1          -1          -1          -1           1
           1          -1           1           1           1           1           1          -1          -1           1           1          -1
          -1           1          -1           1          -1           1          -1           1           1           1          -1           1
           1          -1           1          -1           1          -1           1          -1           1          -1           1          -1
          -1          -1          -1           1          -1           1          -1           1          -1           1          -1          -1
           1          -1           1          -1           1          -1           1          -1           1          -1           1          -1
          -1           1          -1           1          -1           1          -1           1          -1           1          -1           1
          -1           1           1          -1           1           1           1           1           1          -1          -1           1
           1           1          -1           1          -1           1          -1           1          -1           1           1           1
           1          -1           1          -1           1          -1           1          -1           1          -1           1          -1
 k=           6
           1           1           1          -1           1          -1           1          -1           1          -1           1           1
          -1           1          -1           1          -1           1          -1           1          -1          -1          -1           1
           1           1          -1          -1           1          -1           1           1           1          -1           1           1
           1          -1          -1           1          -1          -1          -1           1          -1          -1           1          -1
           1          -1           1          -1           1          -1           1          -1          -1          -1           1          -1
          -1           1          -1           1          -1           1          -1           1          -1           1          -1           1
           1          -1           1          -1           1          -1           1          -1           1          -1           1          -1
          -1           1          -1           1          -1           1          -1           1          -1           1          -1           1
           1          -1           1          -1           1          -1           1          -1           1          -1           1          -1
          -1           1           1           1          -1           1          -1           1          -1           1          -1           1
           1           1           1          -1           1          -1           1          -1           1          -1           1           1
          -1           1          -1           1          -1           1          -1           1          -1          -1          -1           1
 k=           7
          -1          -1          -1           1          -1           1          -1           1          -1           1          -1          -1
          -1          -1           1          -1           1          -1           1          -1           1           1          -1          -1
           1          -1          -1           1          -1           1          -1           1          -1          -1           1          -1
          -1          -1           1           1           1          -1           1          -1           1          -1          -1          -1
          -1           1           1          -1          -1           1          -1           1          -1           1          -1           1
           1          -1           1           1           1          -1           1          -1           1          -1           1          -1
          -1           1          -1           1          -1          -1           1          -1          -1           1          -1           1
           1          -1           1          -1           1          -1           1          -1           1          -1           1          -1
          -1          -1          -1           1          -1           1          -1           1          -1           1          -1          -1
           1          -1          -1          -1           1          -1           1          -1           1          -1           1          -1
          -1          -1          -1           1          -1           1          -1           1          -1           1          -1          -1
          -1          -1           1          -1           1          -1           1          -1           1           1          -1          -1
 k=           8
           1          -1           1           1           1          -1           1          -1           1          -1           1          -1
          -1           1           1           1          -1           1           1           1          -1          -1          -1           1
          -1          -1           1          -1           1          -1           1          -1           1          -1          -1          -1
          -1           1          -1          -1          -1           1          -1           1          -1          -1          -1           1
           1          -1           1          -1           1          -1           1          -1           1          -1           1          -1
          -1           1          -1           1          -1           1          -1           1          -1          -1          -1           1
           1          -1           1          -1           1           1          -1           1          -1           1           1          -1
          -1           1          -1          -1          -1           1          -1           1          -1           1          -1           1
          -1          -1           1          -1           1           1           1          -1           1          -1          -1          -1
          -1           1          -1           1          -1           1          -1           1          -1           1          -1           1
           1          -1           1           1           1          -1           1          -1           1          -1           1          -1
          -1           1           1           1          -1           1           1           1          -1          -1          -1           1
 k=           9
          -1           1          -1           1          -1           1          -1          -1          -1           1          -1           1
           1          -1           1          -1           1          -1           1          -1           1           1           1          -1
          -1          -1          -1           1          -1           1          -1          -1          -1           1          -1          -1
          -1          -1           1          -1           1          -1          -1           1           1          -1          -1          -1
          -1          -1          -1           1          -1           1          -1           1          -1           1          -1          -1
           1          -1           1          -1           1          -1           1          -1           1          -1           1          -1
          -1           1          -1           1          -1           1          -1           1          -1           1          -1           1
           1          -1           1          -1           1          -1           1          -1          -1          -1           1          -1
          -1           1          -1           1          -1           1          -1           1          -1           1          -1           1
           1          -1           1          -1           1          -1           1          -1           1          -1           1          -1
          -1           1          -1           1          -1           1          -1          -1          -1           1          -1           1
           1          -1           1          -1           1          -1           1          -1           1           1           1          -1
 k=          10
           1          -1           1          -1           1          -1           1          -1           1          -1           1          -1
           1          -1           1           1          -1          -1          -1           1           1          -1           1          -1
          -1          -1           1           1           1           1           1          -1          -1          -1          -1          -1
          -1           1          -1          -1          -1          -1           1           1          -1           1          -1           1
           1          -1           1          -1           1          -1          -1          -1           1          -1           1          -1
          -1           1          -1           1          -1           1          -1           1          -1           1          -1           1
           1          -1           1           1           1          -1           1          -1           1          -1           1          -1
          -1           1          -1          -1          -1           1          -1           1          -1           1          -1           1
           1          -1           1          -1          -1          -1           1           1           1          -1           1          -1
          -1           1          -1          -1          -1           1          -1           1          -1           1          -1           1
           1          -1           1          -1           1          -1           1          -1           1          -1           1          -1
           1          -1           1           1          -1          -1          -1           1           1          -1           1          -1
 k=          11
          -1           1          -1           1          -1           1          -1           1          -1           1          -1           1
          -1           1           1          -1           1          -1           1          -1           1          -1          -1           1
          -1           1          -1          -1          -1           1          -1           1          -1           1          -1           1
           1          -1           1           1           1          -1           1          -1           1           1           1          -1
          -1           1          -1           1          -1           1          -1           1           1          -1          -1           1
           1          -1           1           1           1          -1          -1          -1           1          -1           1          -1
          -1           1          -1          -1          -1          -1           1           1           1           1          -1           1
           1          -1           1           1           1           1          -1          -1          -1          -1           1          -1
          -1           1          -1          -1          -1           1          -1           1          -1           1          -1           1
           1          -1           1          -1           1          -1           1          -1           1          -1           1          -1
          -1           1          -1           1          -1           1          -1           1          -1           1          -1           1
          -1           1           1          -1           1          -1           1          -1           1          -1          -1           1
