 temp ave_energy ave_energy^2 C_v
   4.0000000000000000      -0.55717355200229546       0.31728591967922271        4.2772203927300342E-004
   3.9900000000000002      -0.55873475600199984       0.31911245371917701        4.3516850739396890E-004
   3.9800000000000000      -0.56402787200216031       0.32497787727898303        4.3246615512851214E-004
   3.9700000000000002      -0.56166690400245345       0.32226886335918686        4.3139365819754098E-004
   3.9600000000000000      -0.56482823200244903       0.32594976967899825        4.4120740307021224E-004
   3.9500000000000002      -0.56586757200228932       0.32711456147906792        4.4277855698137200E-004
   3.9399999999999999      -0.56910548400230210       0.33075855939897897        4.4303560240436791E-004
   3.9300000000000002      -0.57359555200311163       0.33575242551890960        4.3642679726998979E-004
   3.9199999999999999      -0.57266392400294153       0.33478922731894906        4.4546917069074500E-004
   3.9100000000000001      -0.57318816400222428       0.33550081371892332        4.5500371966971520E-004
   3.8999999999999999      -0.57667710000256189       0.33964255891917661        4.6588305403102016E-004
   3.8900000000000001      -0.57737597600246537       0.34012052063885662        4.4656742778974095E-004
   3.8799999999999999      -0.58111030000257324       0.34461228787895137        4.5987266911140322E-004
   3.8700000000000001      -0.58090638400259675       0.34445335039874631        4.6746145222134768E-004
   3.8599999999999999      -0.58259564400238684       0.34637628883876320        4.6703296922114278E-004
   3.8500000000000001      -0.58591968000228511       0.35024985575859613        4.6874578138748278E-004
   3.8399999999999999      -0.58552987600197559       0.35001665731873433        4.8634315510019254E-004
   3.8300000000000001      -0.58742112000182112       0.35214531199859539        4.8277238064213827E-004
   3.8199999999999998      -0.58777264800174023       0.35253538351875424        4.8372425233523164E-004
   3.8100000000000001      -0.59232795600152266       0.35774734827845078        4.7498576184436730E-004
   3.7999999999999998      -0.59402478800202640       0.35985849419860699        4.8428292505225658E-004
   3.7900000000000000      -0.59697444400211808       0.36342740027860171        4.9073130143647583E-004
   3.7799999999999998      -0.60030737200184636       0.36731689339855222        4.8626525844664548E-004
   3.7700000000000000      -0.60199788400164655       0.36965083907854884        5.1005683119482569E-004
   3.7599999999999998      -0.60377596800167510       0.37179874439849797        5.1305206415078934E-004
   3.7500000000000000      -0.60498789600211778       0.37315499719846335        5.0806349435691327E-004
   3.7400000000000002      -0.60663785600143405       0.37523107479842560        5.1628488549922472E-004
   3.7300000000000000      -0.60689656400143444       0.37544462643850190        5.1184059698227433E-004
   3.7199999999999998      -0.60975098400146788       0.37895029743841219        5.1696980486572706E-004
   3.7100000000000000      -0.61220715200109699       0.38193151415835780        5.1829884969329786E-004
   3.7000000000000002      -0.61749863200061061       0.38862340103817761        5.3461216329818060E-004
   3.6899999999999999      -0.61630718400148965       0.38691310359828429        5.1986681549329823E-004
   3.6800000000000002      -0.61959542800042278       0.39101709299815335        5.2565266120674912E-004
   3.6699999999999999      -0.61961808400033280       0.39095015907822400        5.2146716197911541E-004
   3.6600000000000001      -0.62161508400047283       0.39349789571816207        5.2947109955859824E-004
   3.6499999999999999      -0.62408810800064585       0.39655481811807791        5.3059497618706023E-004
   3.6400000000000001      -0.62702904399958070       0.40031833891795060        5.3985908245701762E-004
   3.6299999999999999      -0.62764716400061149       0.40104871131824377        5.3940978835942421E-004
   3.6200000000000001      -0.63381625200017522       0.40927590723818952        5.7636106488201735E-004
   3.6099999999999999      -0.63390671199932702       0.40906133431820585        5.5429399716147966E-004
   3.6000000000000001      -0.63436607199918305       0.40950770735785386        5.4686682516830133E-004
   3.5899999999999999      -0.64163307599931607       0.41898149211808100        5.6552074407685094E-004
   3.5800000000000001      -0.64178317199942692       0.41912623699805562        5.6494781189800726E-004
   3.5699999999999998      -0.64581746399924489       0.42467997279821762        5.9629938185483378E-004
   3.5600000000000001      -0.64299147999914141       0.42082597663807469        5.8293880875113883E-004
   3.5499999999999998      -0.65054892399925324       0.43080795387832382        6.0258292892185572E-004
   3.5400000000000000      -0.64710963199884963       0.42621916727798309        5.9595673755119007E-004
   3.5299999999999998      -0.65240733999882616       0.43299713467852680        5.9079178824826908E-004
   3.5200000000000000      -0.65609704799867496       0.43800373711857155        6.0856798214714092E-004
   3.5099999999999998      -0.65831859999832643       0.44118723919853353        6.3342506106095053E-004
   3.5000000000000000      -0.66057737199801891       0.44372965355871069        6.0140319697156181E-004
   3.4900000000000002      -0.66473589199832228       0.44941575523897576        6.1920256222613740E-004
   3.4800000000000000      -0.66564383199720722       0.45034663567855310        5.9989138283019904E-004
   3.4699999999999998      -0.66679299999750885       0.45223813279872332        6.3327724281785319E-004
   3.4600000000000000      -0.67267161999784608       0.46022838635891422        6.4663687463560322E-004
   3.4500000000000002      -0.67189594399730801       0.45885043783899759        6.2224560209737045E-004
   3.4399999999999999      -0.67429000799747318       0.46231958751879537        6.4668170578378089E-004
   3.4299999999999997      -0.68068078799764775       0.47100323475885808        6.5252570015549851E-004
   3.4199999999999999      -0.67937327999719199       0.46899657591861710        6.3682178657313983E-004
   3.4100000000000001      -0.68426542799752510       0.47614086427918373        6.8125388726856032E-004
   3.3999999999999999      -0.68873587599761921       0.48216810923938591        6.7569224508460201E-004
   3.3900000000000001      -0.69123587199818448       0.48553455727909561        6.7242075356158993E-004
   3.3799999999999999      -0.69320091999763866       0.48831722679926509        6.8184861469245111E-004
   3.3700000000000001      -0.69516014399703541       0.49118670815871013        6.9905364639392172E-004
   3.3599999999999999      -0.69347099199683149       0.48875245055907451        6.9536864175922858E-004
   3.3500000000000001      -0.70117211599734930       0.49955653171904657        7.0520788298919989E-004
   3.3399999999999999      -0.70218257199775302       0.50124252139924885        7.3345736507845832E-004
   3.3300000000000001      -0.70853667599732895       0.50978461067904424        6.9983401831564390E-004
   3.3199999999999998      -0.71056063999752328       0.51241576167916825        6.8218705231876673E-004
   3.3100000000000001      -0.71209270399776181       0.51515185247914719        7.3710840466071151E-004
   3.2999999999999998      -0.71403158799710831       0.51785826091905118        7.3619396339568430E-004
   3.2900000000000000      -0.71811088799745060       0.52397654111905601        7.6618782703125542E-004
   3.2800000000000002      -0.72277983599801654       0.53063556339877749        7.6450699671491945E-004
   3.2700000000000000      -0.72261728399765557       0.53015294427892690        7.4602821935849625E-004
   3.2599999999999998      -0.72745681999798451       0.53738469595900640        7.7075454452805309E-004
   3.2500000000000000      -0.72837697999889350       0.53840479699864185        7.4525652130966896E-004
   3.2400000000000002      -0.73636681999833020       0.54986673187864810        7.2689360274680456E-004
   3.2300000000000000      -0.73453857999859618       0.54756263563862118        7.6831083708912167E-004
   3.2199999999999998      -0.73710565999841748       0.55167730043849839        8.0557718035528423E-004
   3.2100000000000000      -0.74320825999900308       0.56074997459837339        8.1438037942446740E-004
   3.2000000000000002      -0.74400026799895025       0.56172395043838808        7.9956559139436091E-004
   3.1899999999999999      -0.75292367599940146       0.57495990571818800        7.9262623576186787E-004
   3.1799999999999997      -0.75033367199973089       0.57131172999821145        8.2187321126653637E-004
   3.1699999999999999      -0.75559839999989509       0.57903202143834565        8.0636481166537939E-004
   3.1600000000000001      -0.75904628800011187       0.58429108975772459        8.1515606783526002E-004
   3.1499999999999999      -0.76123396399991838       0.58756602059782115        8.1520510464016681E-004
   3.1400000000000001      -0.76780857200042107       0.59779803467722670        8.3857676172471060E-004
   3.1299999999999999      -0.77203376000110824       0.60439900415774173        8.5362487892016331E-004
   3.1200000000000001      -0.77612984400090290       0.61083837515729789        8.6916917410749279E-004
   3.1099999999999999      -0.77424237200137325       0.60819728931756434        9.0425437239601339E-004
   3.1000000000000001      -0.78280700800220127       0.62137889903704613        8.9407775855231445E-004
   3.0899999999999999      -0.78385430400109557       0.62303123271692251        9.0108637486835538E-004
   3.0800000000000001      -0.78555981200121416       0.62554379155672990        8.8964974335332156E-004
   3.0699999999999998      -0.79563295200196571       0.64187526679690698        9.3830942349995604E-004
   3.0600000000000001      -0.79294518800118363       0.63761062003686320        9.4499432511328514E-004
   3.0499999999999998      -0.79796636000196197       0.64526818063666580        9.1565374274496102E-004
   3.0400000000000000      -0.80361088000180558       0.65453289607658904        9.4598874862715325E-004
   3.0300000000000002      -0.80685910000277616       0.65972511131617562        9.4800118276918896E-004
   3.0200000000000000      -0.81073361200189331       0.66637815563632485        9.9657537023468382E-004
   3.0099999999999998      -0.81355594800208553       0.67071599659601910        9.7600645317899842E-004
   3.0000000000000000      -0.81449690400278962       0.67230904527602486        9.8931540509948775E-004
   2.9900000000000002      -0.81576212400271342       0.67403731035630543        9.5854267836904361E-004
   2.9800000000000000      -0.82788019200190399       0.69477095567617886        1.0568604305064436E-003
   2.9699999999999998      -0.83311195200243904       0.70304025943601345        1.0163061441235172E-003
   2.9600000000000000      -0.83865952000178323       0.71227644175618621        1.0188380280502164E-003
   2.9500000000000002      -0.83788627600257026       0.71140450731564542        1.0745298250146587E-003
   2.9399999999999999      -0.83838909200201706       0.71236042619611317        1.0949322745322076E-003
   2.9299999999999997      -0.85131918000138962       0.73416211419609789        1.0970154524641434E-003
   2.9199999999999999      -0.85080305200169271       0.73291778211596503        1.0616378331499850E-003
   2.9100000000000001      -0.85613796800176478       0.74257060135579267        1.1334751717152404E-003
   2.8999999999999999      -0.85560422000141756       0.74165356571592012        1.1409018349210391E-003
   2.8899999999999997      -0.86441795600053406       0.75706461611616904        1.1788907532270672E-003
   2.8799999999999999      -0.87138397600056994       0.76916080239662599        1.1876409102604367E-003
   2.8700000000000001      -0.86916631600085792       0.76498315099659930        1.1573609156473983E-003
   2.8599999999999999      -0.87834656000016520       0.78134401423661248        1.2043785481550045E-003
   2.8499999999999996      -0.88690154800013099       0.79602061579679773        1.1605121516490055E-003
   2.8399999999999999      -0.88703926799951960       0.79622789907715363        1.1641088206742322E-003
   2.8300000000000001      -0.89192755999998241       0.80529695575672877        1.2189168886122368E-003
   2.8200000000000003      -0.89882237599949943       0.81754316311719388        1.2149161913143608E-003
   2.8100000000000001      -0.90461459199974836       0.82882244487695733        1.3291225817917880E-003
   2.7999999999999998      -0.91400651999944449       0.84631138887719359        1.3907487596554479E-003
   2.7900000000000000      -0.92091700399929355       0.85805229763748547        1.2800669804409750E-003
   2.7800000000000002      -0.91957863999910949       0.85521466543729785        1.2408506669797092E-003
   2.7700000000000000      -0.92288242399906795       0.86186191487760355        1.3228305270768731E-003
   2.7599999999999998      -0.93166161199932995       0.87862795451750397        1.3960558764327328E-003
   2.7500000000000000      -0.93335694399920832       0.88190234071759077        1.4211115115437300E-003
   2.7400000000000002      -0.94612423999919726       0.90657511071783436        1.5216624758612231E-003
   2.7300000000000000      -0.95640517199917396       0.92546981227756575        1.4435936683433526E-003
   2.7199999999999998      -0.95591900799912144       0.92480837671776661        1.4904880600862683E-003
   2.7100000000000000      -0.95723437199902628       0.92711232267730903        1.4725670593999074E-003
   2.7000000000000002      -0.96628395999917738       0.94460441287748687        1.4951607031268848E-003
   2.6899999999999999      -0.96908980799915845       0.95057830071662464        1.5814105317476118E-003
   2.6799999999999997      -0.96900739199929742       0.95100140775680653        1.6743821017384899E-003
   2.6699999999999999      -0.98615698799901086       0.98400724603693968        1.6133822970806695E-003
   2.6600000000000001      -0.99371007999913952       0.99823208263657870        1.5224658749339241E-003
   2.6499999999999999      -0.99743150399984548        1.0059750270362311        1.5814057479298423E-003
   2.6399999999999997      -0.99965018399875383        1.0109699409570763        1.6743357708238508E-003
   2.6299999999999999       -1.0172461519999736        1.0476306011953640        1.8564483275182132E-003
   2.6200000000000001       -1.0155082160006037        1.0422461338360054        1.6008969569483921E-003
   2.6099999999999999       -1.0221460080002469        1.0563812731953910        1.7026778122091902E-003
   2.5999999999999996       -1.0330144439996916        1.0796097857145632        1.8477728110312659E-003
   2.5899999999999999       -1.0404339039998791        1.0954994412752612        1.9374685354767410E-003
   2.5800000000000001       -1.0385036120000122        1.0910288201149601        1.8837611889141704E-003
   2.5700000000000003       -1.0509689600007937        1.1172587759141368        1.9263003268765663E-003
   2.5600000000000001       -1.0782064559997682        1.1764815981535279        2.1289728384319812E-003
   2.5499999999999998       -1.0768745880004351        1.1737628197138761        2.1690029116138835E-003
   2.5400000000000000       -1.0950891839999655        1.2135292784734253        2.2178928575415494E-003
   2.5300000000000002       -1.0898291599995875        1.2006767507133786        2.0230206264700498E-003
   2.5200000000000000       -1.1044390799997750        1.2348962340727068        2.3794647017443757E-003
   2.5099999999999998       -1.1205402600000498        1.2720024941924859        2.6018666229911639E-003
   2.5000000000000000       -1.1210527960002057        1.2724199423524587        2.5056913492127824E-003
   2.4900000000000002       -1.1211977520007554        1.2726330104728196        2.5078000969778174E-003
   2.4800000000000000       -1.1271898959997664        1.2850788049522628        2.3611055066822804E-003
   2.4699999999999998       -1.1390711960020026        1.3120758765911034        2.3918908734237364E-003
   2.4600000000000000       -1.1634621799995375        1.3705119676327702        2.7873163037038066E-003
   2.4500000000000002       -1.1746532719992102        1.3967372519942827        2.8199821034289121E-003
   2.4399999999999999       -1.1873712519999080        1.4298333020321450        3.3564250128184469E-003
   2.4299999999999997       -1.1952076639993225        1.4464776367140266        3.0409112146368373E-003
   2.4199999999999999       -1.2223636359993688        1.5125517729924616        3.1382614539417026E-003
   2.4100000000000001       -1.2390095399997936        1.5550903327555965        3.4341165863357170E-003
   2.3999999999999999       -1.2539069919995296        1.5940353529543347        3.7764945085115042E-003
   2.3899999999999997       -1.2514608559995428        1.5855412949574619        3.3940268654879180E-003
   2.3799999999999999       -1.2668571199991774        1.6256742373541686        3.6627488986580173E-003
   2.3700000000000001       -1.2808980799993173        1.6625218852773025        3.8850600743052352E-003
   2.3599999999999999       -1.2822980439999310        1.6644335741955254        3.6170102968752695E-003
   2.3499999999999996       -1.3169514240002531        1.7570333020780862        4.1054321234570675E-003
   2.3399999999999999       -1.3306836200002310        1.7928041445953269        4.0333932461114269E-003
   2.3300000000000001       -1.3412457680006948        1.8202719395157452        3.9292912626814613E-003
   2.3200000000000003       -1.3504989319998257        1.8456769973975844        4.0557431749618207E-003
   2.3100000000000001       -1.3749793680007198        1.9120026402365744        4.0168620919614397E-003
   2.2999999999999998       -1.3991261640005419        1.9788584265940006        4.0272975053174615E-003
   2.2900000000000000       -1.4148241839997289        2.0227721735940656        4.0130245349186923E-003
   2.2800000000000002       -1.4251235400003803        2.0531895229965968        4.2729337360305902E-003
   2.2700000000000000       -1.4533147719996844        2.1318802124323848        3.8340324710143666E-003
   2.2599999999999998       -1.4801151839998303        2.2083637543910521        3.4503086545932772E-003
   2.2500000000000000       -1.5007820359996829        2.2693144214717034        3.3516448182420136E-003
   2.2400000000000002       -1.4887871640000547        2.2354439848342560        3.7780542775291167E-003
   2.2300000000000000       -1.5059358080012049        2.2851433993511585        3.4790045106309728E-003
   2.2199999999999998       -1.5131362680002163        2.3091336138711469        3.9672608419617792E-003
   2.2100000000000000       -1.5367518159998963        2.3791576927930267        3.5936096341286287E-003
   2.2000000000000002       -1.5507769320004707        2.4197297621106926        3.0621217532850963E-003
   2.1899999999999999       -1.5850002519994508        2.5248465059496716        2.6314520363105664E-003
   2.1799999999999997       -1.5790874519999221        2.5077688012313186        2.9988258916994648E-003
   2.1699999999999999       -1.5874207359996910        2.5334542167121090        2.8774498567198481E-003
   2.1600000000000001       -1.6087826279991060        2.5999601685894222        2.5245679950514979E-003
   2.1499999999999999       -1.6219965080003214        2.6421967240283539        2.4497678881811756E-003
   2.1399999999999997       -1.6178652120009089        2.6297170024290462        2.6703551022578629E-003
   2.1299999999999999       -1.6227747960007264        2.6465758898676617        2.9045937385577202E-003
   2.1200000000000001       -1.6452261600013400        2.7180960983090912        2.5202431373122303E-003
   2.1099999999999999       -1.6536257600006927        2.7447217317509258        2.3008417630011424E-003
   2.0999999999999996       -1.6680884640014106        2.7922243464691023        2.2007307788020200E-003
   2.0899999999999999       -1.6676224440009779        2.7929399213067985        2.7415364966469824E-003
   2.0800000000000001       -1.6748250559994262        2.8145671081500629        2.2023252465287208E-003
   2.0700000000000003       -1.6821227279997024        2.8393165712664068        2.2823634654824962E-003
   2.0600000000000001       -1.6969573520005223        2.8887967317494176        2.1520589218571029E-003
   2.0499999999999998       -1.7103223160014547        2.9333345640293573        1.9350718421838155E-003
   2.0400000000000000       -1.7133149359998225        2.9431459626272964        1.8497435378749597E-003
   2.0300000000000002       -1.7253130079990950        2.9839865258293843        1.7669805766941881E-003
   2.0200000000000000       -1.7318883919994013        3.0068470165488224        1.8159038835777147E-003
   2.0099999999999998       -1.7421522399996683        3.0421786009503653        1.7534649178246905E-003
   2.0000000000000000       -1.7497845599961710        3.0683716635089007        1.6564142769767143E-003
   1.9899999999999998       -1.7543821799974755        3.0843963001097019        1.6513387583665384E-003
   1.9800000000000000       -1.7641239359972458        3.1182950764712580        1.5717311786663381E-003
   1.9699999999999998       -1.7718880879968255        3.1454539407106621        1.5116453208317256E-003
   1.9600000000000000       -1.7778434159954015        3.1665137588714258        1.5062856812858385E-003
   1.9500000000000002       -1.7823895559953205        3.1824112037134533        1.4460682162413720E-003
   1.9399999999999999       -1.7863845879935938        3.1966570977139166        1.4579661741085264E-003
   1.9300000000000002       -1.7930026519944322        3.2205207526767157        1.5201059404678495E-003
   1.9199999999999999       -1.8009066199945565        3.2486380502752854        1.4576270440178779E-003
   1.9100000000000001       -1.8040531399937172        3.2601035757970931        1.5064948537328307E-003
   1.8999999999999999       -1.8086731639936886        3.2762051430773744        1.3591492871007863E-003
   1.8900000000000001       -1.8186018519934095        3.3121133453199225        1.3439291302212962E-003
   1.8799999999999999       -1.8263900319922715        3.3400764684807531        1.2380940244519035E-003
   1.8700000000000001       -1.8288180079943628        3.3488596545639155        1.2251846491024452E-003
   1.8599999999999999       -1.8378898759919982        3.3816395106849702        1.0984837585523929E-003
   1.8500000000000001       -1.8397360439931545        3.3885053119665338        1.1326809054643910E-003
   1.8399999999999999       -1.8381186999936245        3.3826871055638277        1.1834683062309725E-003
   1.8300000000000001       -1.8470109919918529        3.4154311246465423        1.1889038513582721E-003
   1.8199999999999998       -1.8537400119922611        3.4399707191684770        1.0924668238765389E-003
   1.8100000000000001       -1.8559929479940456        3.4482868512511553        1.0918556355200911E-003
   1.7999999999999998       -1.8609617479953426        3.4666260910102462        1.0640319470262350E-003
   1.7900000000000000       -1.8676051879949431        3.4911035969312585        9.8450694598532481E-004
   1.7799999999999998       -1.8707303199940155        3.5027855862519441        9.9534658093436553E-004
   1.7700000000000000       -1.8746532879967712        3.5173967367341215        9.8049300552722086E-004
   1.7599999999999998       -1.8783124199954708        3.5309675477328422        9.3943718478830434E-004
   1.7500000000000000       -1.8825889999947343        3.5469743061720074        9.2504923129271258E-004
   1.7399999999999998       -1.8887453479972143        3.5699615284557411        8.5960459592520136E-004
   1.7300000000000000       -1.8914803239979339        3.5801391058156611        8.1569372325577877E-004
   1.7199999999999998       -1.8913822199963215        3.5798280014944823        8.4549059500701421E-004
   1.7100000000000000       -1.8959482639982981        3.5970309067346675        8.2455694966221068E-004
   1.6999999999999997       -1.9006503999971058        3.6147175840155454        7.7703841051450257E-004
   1.6899999999999999       -1.9029500039991121        3.6234388590944433        7.7733320759862748E-004
   1.6800000000000002       -1.9078321840001355        3.6419473928158581        7.5246262370002107E-004
   1.6699999999999999       -1.9113430000001324        3.6551926821737433        7.0300782539249292E-004
   1.6600000000000001       -1.9135199560013878        3.6634808987767635        6.9758918609753688E-004
   1.6499999999999999       -1.9163209320010011        3.6741765959759372        6.9446521607044367E-004
   1.6400000000000001       -1.9157087520009237        3.6719028200170398        7.2977302353621331E-004
   1.6299999999999999       -1.9211955320021332        3.6926782364591597        6.3456068132041192E-004
   1.6200000000000001       -1.9231827400038555        3.7003745730174549        6.6404571281732864E-004
   1.6099999999999999       -1.9266177640034650        3.7135314137388193        6.4635051313923994E-004
   1.6000000000000001       -1.9294261160039046        3.7242401045366638        6.0740914794958634E-004
   1.5899999999999999       -1.9331377960054301        3.7385013425397120        5.8526331829439327E-004
   1.5800000000000001       -1.9343829200076752        3.7432265311369726        5.5650132973589683E-004
   1.5699999999999998       -1.9370618560048851        3.7536048384194403        5.6643451269834753E-004
   1.5600000000000001       -1.9403100280055929        3.7661141188566036        5.3875496282824239E-004
   1.5499999999999998       -1.9429291000074311        3.7762834046225122        5.4523078744059543E-004
   1.5400000000000000       -1.9430487240087095        3.7766868168601162        5.2642645818933302E-004
   1.5299999999999998       -1.9477212880087953        3.7947927506606804        5.0174501176465040E-004
   1.5200000000000000       -1.9491060240083169        3.8001513373827649        4.9214186169285084E-004
   1.5099999999999998       -1.9499078560100875        3.8032633864195695        4.9240800390907733E-004
   1.5000000000000000       -1.9528598720114201        3.8146644275388328        4.4566570061022048E-004
   1.4899999999999998       -1.9543729200100064        3.8205659489818542        4.4702423918537975E-004
   1.4800000000000000       -1.9551418360125716        3.8235863526991123        4.5962096991550484E-004
   1.4699999999999998       -1.9566964360119206        3.8296638125399753        4.6409821751279426E-004
   1.4600000000000000       -1.9595417320134658        3.8406527244615889        3.9825715859231111E-004
   1.4499999999999997       -1.9599728360120408        3.8423680780612126        4.1596202431886374E-004
   1.4399999999999999       -1.9635663760156474        3.8563667556980401        3.7318802026286776E-004
   1.4300000000000002       -1.9645118640140165        3.8600891148203225        3.8253751699210506E-004
   1.4199999999999999       -1.9658630200164977        3.8653458317399485        3.6124691111072660E-004
   1.4100000000000001       -1.9680266080158868        3.8738292473790481        3.5235527414668208E-004
   1.3999999999999999       -1.9695653280154042        3.8798475812218753        3.3673464359617022E-004
   1.3900000000000001       -1.9697509080159490        3.8805877971760383        3.4633691133112112E-004
   1.3799999999999999       -1.9718170160165842        3.8886671344178438        3.1757496602481265E-004
   1.3700000000000001       -1.9730098000167868        3.8933556997777701        3.1329789306233402E-004
   1.3599999999999999       -1.9750534920173530        3.9013647090208194        2.8569025242154407E-004
   1.3500000000000001       -1.9765448760159965        3.9072129159769982        2.6516821503837191E-004
   1.3399999999999999       -1.9783265640177465        3.9142389980557581        2.5785484378208800E-004
   1.3300000000000001       -1.9792606720166575        3.9179215400939373        2.5367872808353088E-004
   1.3199999999999998       -1.9801618400156702        3.9214570106546804        2.3880739235292617E-004
   1.3100000000000001       -1.9815544240184086        3.9269522908115775        2.2979748537390855E-004
   1.2999999999999998       -1.9818663000191867        3.9281795234117545        2.2810192900193853E-004
   1.2900000000000000       -1.9823943440187823        3.9302651788100502        2.2705583341854019E-004
   1.2799999999999998       -1.9828597680181570        3.9320945909686675        2.2078329080086785E-004
   1.2700000000000000       -1.9838294160166814        3.9359222096107347        2.1269623513394241E-004
   1.2599999999999998       -1.9852255480181404        3.9414264803679653        1.9274619805961852E-004
   1.2500000000000000       -1.9861674840159580        3.9451452290913580        1.8173089860937355E-004
   1.2399999999999998       -1.9865431360172854        3.9466232198462419        1.7533076798311939E-004
   1.2300000000000000       -1.9873380840169019        3.9497590137266561        1.6283531144497057E-004
   1.2199999999999998       -1.9878455400178685        3.9517698931649372        1.6124845203294792E-004
   1.2100000000000000       -1.9888393280160583        3.9557042722449651        1.5190190669928306E-004
   1.1999999999999997       -1.9895059120166139        3.9583438022425765        1.4585298160988788E-004
   1.1899999999999999       -1.9902355400162131        3.9612394515598623        1.4260773690792314E-004
   1.1800000000000002       -1.9907545800145481        3.9632939028433949        1.3653044706638364E-004
   1.1699999999999999       -1.9917585880149975        3.9672698968394591        1.2245153624255468E-004
   1.1600000000000001       -1.9923493040132978        3.9696170272835061        1.1985588676716364E-004
   1.1499999999999999       -1.9926275840122212        3.9707184408816643        1.1625883953314543E-004
   1.1400000000000001       -1.9932016840121616        3.9729960166815541        1.1008274287271272E-004
   1.1299999999999999       -1.9933874640120313        3.9737311626401701        1.0774607240404367E-004
   1.1200000000000001       -1.9938947720106908        3.9757445326793803        1.0217699921557792E-004
   1.1099999999999999       -1.9944032920106516        3.9777629083611585        9.6110038336370834E-005
   1.1000000000000001       -1.9952228320084535        3.9810151896814867        8.3504391448934863E-005
   1.0899999999999999       -1.9956505680088583        3.9827139081598357        7.8039361802120615E-005
   1.0800000000000001       -1.9958794400090831        3.9836211347174166        7.4070358749499075E-005
   1.0699999999999998       -1.9960020040088455        3.9841031257993751        6.9111531179866757E-005
   1.0600000000000001       -1.9961265560079449        3.9845974534790933        6.7840760906169928E-005
   1.0499999999999998       -1.9963115360085164        3.9853336400789403        6.7021567581222589E-005
   1.0400000000000000       -1.9967038600086282        3.9868911314776985        5.9936117180880779E-005
   1.0299999999999998       -1.9971084960066798        3.9884997285592312        5.4089675906005675E-005
   1.0200000000000000       -1.9970924840064082        3.9884379069195002        5.7206117468766093E-005
   1.0099999999999998       -1.9975963000065309        3.9904404412379710        4.8488813046663504E-005
   1.0000000000000000       -1.9978781520052795        3.9915618203987120        4.4710138681125500E-005
  0.98999999999999977       -1.9978904920041103        3.9916105510805773        4.5029119631948755E-005
  0.97999999999999998       -1.9983397200032100        3.9933959996009132        3.5779944195573571E-005
  0.96999999999999975       -1.9985661880038523        3.9942954923585057        3.0486264487235416E-005
  0.95999999999999996       -1.9987782560027711        3.9951390364805124        2.6605697735601315E-005
  0.94999999999999973       -1.9990884360031835        3.9963732553976983        2.0698544092859089E-005
  0.93999999999999995       -1.9992224000014904        3.9969063373606786        1.8257914168518653E-005
  0.92999999999999972       -1.9993786760017902        3.9975273321992346        1.4154409252953949E-005
  0.91999999999999993       -1.9993945400015709        3.9975904034796850        1.4032244318932651E-005
  0.91000000000000014       -1.9994753360008932        3.9979119680808135        1.2497047371768632E-005
  0.89999999999999991       -1.9998251360005825        3.9993040465597098        4.2863950139647330E-006
  0.89000000000000012       -1.9998619760005250        3.9994506697595886        3.4676263908297156E-006
  0.87999999999999989       -1.9999181120006486        3.9996741423989812        2.1793527147070697E-006
  0.87000000000000011       -2.0000000000000000        4.0000000000000000        0.0000000000000000     
  0.85999999999999988       -2.0000000000000000        4.0000000000000000        0.0000000000000000     
  0.85000000000000009       -2.0000000000000000        4.0000000000000000        0.0000000000000000     
  0.83999999999999986       -2.0000000000000000        4.0000000000000000        0.0000000000000000     
  0.83000000000000007       -2.0000000000000000        4.0000000000000000        0.0000000000000000     
  0.81999999999999984       -2.0000000000000000        4.0000000000000000        0.0000000000000000     
  0.81000000000000005       -2.0000000000000000        4.0000000000000000        0.0000000000000000     
  0.79999999999999982       -2.0000000000000000        4.0000000000000000        0.0000000000000000     
  0.79000000000000004       -2.0000000000000000        4.0000000000000000        0.0000000000000000     
  0.77999999999999980       -2.0000000000000000        4.0000000000000000        0.0000000000000000     
  0.77000000000000002       -2.0000000000000000        4.0000000000000000        0.0000000000000000     
  0.75999999999999979       -2.0000000000000000        4.0000000000000000        0.0000000000000000     
  0.75000000000000000       -2.0000000000000000        4.0000000000000000        0.0000000000000000     
  0.73999999999999977       -2.0000000000000000        4.0000000000000000        0.0000000000000000     
  0.72999999999999998       -2.0000000000000000        4.0000000000000000        0.0000000000000000     
  0.71999999999999975       -2.0000000000000000        4.0000000000000000        0.0000000000000000     
  0.70999999999999996       -2.0000000000000000        4.0000000000000000        0.0000000000000000     
  0.69999999999999973       -2.0000000000000000        4.0000000000000000        0.0000000000000000     
  0.68999999999999995       -2.0000000000000000        4.0000000000000000        0.0000000000000000     
  0.67999999999999972       -2.0000000000000000        4.0000000000000000        0.0000000000000000     
  0.66999999999999993       -2.0000000000000000        4.0000000000000000        0.0000000000000000     
  0.66000000000000014       -2.0000000000000000        4.0000000000000000        0.0000000000000000     
  0.64999999999999991       -2.0000000000000000        4.0000000000000000        0.0000000000000000     
  0.64000000000000012       -2.0000000000000000        4.0000000000000000        0.0000000000000000     
  0.62999999999999989       -2.0000000000000000        4.0000000000000000        0.0000000000000000     
  0.62000000000000011       -2.0000000000000000        4.0000000000000000        0.0000000000000000     
  0.60999999999999988       -2.0000000000000000        4.0000000000000000        0.0000000000000000     
  0.60000000000000009       -2.0000000000000000        4.0000000000000000        0.0000000000000000     
  0.58999999999999986       -2.0000000000000000        4.0000000000000000        0.0000000000000000     
  0.58000000000000007       -2.0000000000000000        4.0000000000000000        0.0000000000000000     
  0.56999999999999984       -2.0000000000000000        4.0000000000000000        0.0000000000000000     
  0.56000000000000005       -2.0000000000000000        4.0000000000000000        0.0000000000000000     
  0.54999999999999982       -2.0000000000000000        4.0000000000000000        0.0000000000000000     
  0.54000000000000004       -2.0000000000000000        4.0000000000000000        0.0000000000000000     
  0.52999999999999980       -2.0000000000000000        4.0000000000000000        0.0000000000000000     
  0.52000000000000002       -1.7978790399378770        3.2323871766795165        6.7065205525770227E-005
  0.50999999999999979       -1.7979302199397627        3.2325706490276596        6.7563456424670482E-005
  0.50000000000000000       -2.0000000000000000        4.0000000000000000        0.0000000000000000     
  0.48999999999999977       -2.0000000000000000        4.0000000000000000        0.0000000000000000     
  0.47999999999999998       -1.7992298079238289        3.2372354433451602        3.2732741068171161E-005
  0.46999999999999975       -2.0000000000000000        4.0000000000000000        0.0000000000000000     
  0.45999999999999996       -1.7992728679253172        3.2373901177036544        3.4331056042530975E-005
  0.44999999999999973       -1.7998204319177944        3.2393553510389346        8.7105687842346497E-006
  0.43999999999999995       -1.7999999999158598        3.2400000001634233        2.4087183120440303E-009
  0.42999999999999972       -1.7999999999158598        3.2400000001634233        2.5220544359747149E-009
  0.41999999999999993       -2.0000000000000000        4.0000000000000000        0.0000000000000000     
  0.41000000000000014       -2.0000000000000000        4.0000000000000000        0.0000000000000000     
  0.39999999999999991       -2.0000000000000000        4.0000000000000000        0.0000000000000000     
  0.39000000000000012       -1.7999999999158598        3.2400000001634233        3.0659294228252729E-009
  0.37999999999999989       -1.7999999999158598        3.2400000001634233        3.2294173491116649E-009
  0.37000000000000011       -2.0000000000000000        4.0000000000000000        0.0000000000000000     
  0.35999999999999988       -1.7999999999158598        3.2400000001634233        3.5982088365102196E-009
  0.35000000000000009       -2.0000000000000000        4.0000000000000000        0.0000000000000000     
  0.33999999999999986       -2.0000000000000000        4.0000000000000000        0.0000000000000000     
  0.33000000000000007       -2.0000000000000000        4.0000000000000000        0.0000000000000000     
  0.31999999999999984       -2.0000000000000000        4.0000000000000000        0.0000000000000000     
  0.31000000000000005       -1.7999999999158598        3.2400000001634233        4.8525272134414570E-009
  0.29999999999999982       -2.0000000000000000        4.0000000000000000        0.0000000000000000     
  0.29000000000000004       -2.0000000000000000        4.0000000000000000        0.0000000000000000     
  0.27999999999999980       -2.0000000000000000        4.0000000000000000        0.0000000000000000     
  0.27000000000000002       -2.0000000000000000        4.0000000000000000        0.0000000000000000     
  0.25999999999999979       -2.0000000000000000        4.0000000000000000        0.0000000000000000     
  0.25000000000000000       -1.7999999999158598        3.2400000001634233        7.4612458433875872E-009
  0.23999999999999977       -1.7999999999158598        3.2400000001634233        8.0959698821480036E-009
  0.22999999999999998       -1.7999999999158598        3.2400000001634233        8.8152715540968696E-009
  0.21999999999999975       -2.0000000000000000        4.0000000000000000        0.0000000000000000     
  0.20999999999999996       -2.0000000000000000        4.0000000000000000        0.0000000000000000     
  0.19999999999999973       -1.7999999999158598        3.2400000001634233        1.1658196630293138E-008
  0.18999999999999995       -2.0000000000000000        4.0000000000000000        0.0000000000000000     
  0.17999999999999972       -2.0000000000000000        4.0000000000000000        0.0000000000000000     
  0.16999999999999993       -1.7999999999158598        3.2400000001634233        1.6135912291063134E-008
  0.16000000000000014       -2.0000000000000000        4.0000000000000000        0.0000000000000000     
  0.14999999999999991       -2.0000000000000000        4.0000000000000000        0.0000000000000000     
  0.14000000000000012       -1.7999999999158598        3.2400000001634233        2.3792238021006290E-008
  0.12999999999999989       -2.0000000000000000        4.0000000000000000        0.0000000000000000     
  0.12000000000000011       -1.7999999999158598        3.2400000001634233        3.2383879528591902E-008
  0.10999999999999988       -2.0000000000000000        4.0000000000000000        0.0000000000000000     
  0.10000000000000009       -1.7999999999158598        3.2400000001634233        4.6632786521172341E-008
