 temp ave_magnetization ave_magnetization^2 susceptibility
   4.0000000000000000        2.2107039999999761E-003   1.0599811039981876E-002   2.6487309569515650E-003
   3.9900000000000002        5.8899999999984616E-004   1.0927182039975157E-002   2.7385551676629466E-003
   3.9800000000000000        7.0293120000011304E-003   1.1203345299972091E-002   2.8024959981856105E-003
   3.9700000000000002        1.3498579999998755E-003   1.1007215429980377E-002   2.7721393736423712E-003
   3.9600000000000000        2.5535999999996053E-004   1.0464624639971332E-002   2.6425655129398312E-003
   3.9500000000000002        1.7823779999999170E-003   1.0876081849975489E-002   2.7526341718077476E-003
   3.9399999999999999        8.9221599999993976E-004   1.1140408499986135E-002   2.8273128047196648E-003
   3.9300000000000002        1.9071940000000996E-003   1.0896046549977622E-002   2.7716053844844750E-003
   3.9199999999999999        2.1951400000034423E-004   1.1960488989976139E-002   3.0511328580561082E-003
   3.9100000000000001        9.7860599999951160E-004   1.0825494649975776E-002   2.7684237801208545E-003
   3.8999999999999999        1.6221500000004377E-003   1.1195284649981084E-002   2.8699110972714320E-003
   3.8900000000000001        4.3188840000003351E-003   1.1729300039972036E-002   3.0104491724849813E-003
   3.8799999999999999        1.5544700000005131E-003   1.0994627089973327E-002   2.8330439981939246E-003
   3.8700000000000001        5.5659800000042474E-004   1.1331666429965873E-002   2.9279991288455472E-003
   3.8599999999999999        5.0928239999996202E-003   1.2291479739969330E-002   3.1776017833353262E-003
   3.8500000000000001        2.4277239999998270E-003   1.1928034119985560E-002   3.0966598119910090E-003
   3.8399999999999999        1.3425759999997808E-003   1.1929341759975138E-002   3.1061300129321258E-003
   3.8300000000000001        1.2561119999993252E-003   1.1228642239977342E-002   2.9313484132169184E-003
   3.8199999999999998        2.6538939999998989E-003   1.2029076209978635E-002   3.1471290724124083E-003
   3.8100000000000001        3.4254119999996249E-003   1.1795495339984743E-002   3.0928508904501315E-003
   3.7999999999999998        2.3564380000001620E-003   1.2288397849980485E-002   3.2323276447191155E-003
   3.7900000000000000        1.0078119999994220E-003   1.2686113459967100E-002   3.3469914973455824E-003
   3.7799999999999998        3.2524839999998612E-003   1.2474842099984472E-002   3.2974241925434445E-003
   3.7700000000000000        4.1894340000006519E-003   1.2446491189978431E-002   3.2968010166413981E-003
   3.7599999999999998        1.8175679999998500E-003   1.2884932139977380E-002   3.4259650496124353E-003
   3.7500000000000000        4.0840080000001276E-003   1.1763691079977682E-002   3.1325365223022978E-003
   3.7400000000000002        8.8940859999981324E-003   1.2476957189976373E-002   3.3149338032623017E-003
   3.7300000000000000        1.6432620000003866E-003   1.3908667369967591E-002   3.7281413029402002E-003
   3.7199999999999998        2.8868839999995114E-003   1.3044487259975460E-002   3.5043422475123679E-003
   3.7100000000000000        4.2283419999996899E-003   1.3041498969972096E-002   3.5104097288148608E-003
   3.7000000000000002        2.3434399999993378E-003   1.4076178979969031E-002   3.8028884510636304E-003
   3.6899999999999999        7.0908740000003674E-003   1.3231404189974113E-002   3.5721202427886813E-003
   3.6800000000000002        6.7492860000004712E-003   1.3072542789964824E-002   3.5399429153410386E-003
   3.6699999999999999        1.8797860000003453E-003   1.3012092909973601E-002   3.5445665707269222E-003
   3.6600000000000001        1.1935162000001779E-002   1.3916434909966358E-002   3.7633843765027511E-003
   3.6499999999999999        3.3541819999994551E-003   1.2834587849977729E-002   3.5132430994763305E-003
   3.6400000000000001        4.0102979999986129E-003   1.2867033509983722E-002   3.5304810494326726E-003
   3.6299999999999999        8.5644799999995370E-004   1.3628244939968750E-002   3.7541353820363761E-003
   3.6200000000000001        3.1481040000004633E-003   1.5428317199964530E-002   4.2592283539142845E-003
   3.6099999999999999        6.1734979999996057E-003   1.3134979189980810E-002   3.6279410283725239E-003
   3.6000000000000001        3.6095580000001710E-003   1.3547229689972439E-002   3.7595002169491872E-003
   3.5899999999999999        1.6849760000007274E-003   1.4557471779968351E-002   4.0542152188991010E-003
   3.5800000000000001        1.1589100000002025E-003   1.4168569049964153E-002   3.9573256920603503E-003
   3.5699999999999998        9.5686979999981964E-003   1.5357936149966816E-002   4.2762958455326745E-003
   3.5600000000000001        2.6123719999998664E-003   1.4086374739967220E-002   3.9549298462081004E-003
   3.5499999999999998        1.0771113999997873E-002   1.3743372169978995E-002   3.8386916262473370E-003
   3.5400000000000000        5.0581460000011600E-003   1.4236333989972054E-002   4.0143359178007702E-003
   3.5299999999999998        2.4444060000001098E-003   1.4889734529961625E-002   4.2163624388863426E-003
   3.5200000000000000        5.8435759999997255E-003   1.5630470219959773E-002   4.4307735339465908E-003
   3.5099999999999998        4.4647339999994767E-003   1.4821179649967080E-002   4.2168791453778718E-003
   3.5000000000000000        3.5186599999998064E-003   1.4190090319970230E-002   4.0507741005070368E-003
   3.4900000000000002        2.9539999999990360E-003   1.5651030279967636E-002   4.4820355770680918E-003
   3.4800000000000000        5.6100960000000462E-003   1.5795084259963978E-002   4.5297732996651607E-003
   3.4699999999999998        7.5766399999993485E-003   1.5949014159952309E-002   4.5797143188077002E-003
   3.4600000000000000        7.9913720000007026E-003   1.5839359779951850E-002   4.5593924143090912E-003
   3.4500000000000002        9.2823519999999226E-003   1.4943473579956717E-002   4.3064671076245842E-003
   3.4399999999999999        9.0436399999906190E-004   1.5795044119970354E-002   4.5913448388737975E-003
   3.4299999999999997        6.2274540000009527E-003   1.6687707649967090E-002   4.8539144217623802E-003
   3.4199999999999999        7.7280600000005873E-003   1.6836364119948023E-002   4.9054506457849164E-003
   3.4100000000000001        5.5260440000000476E-003   1.7938675899957814E-002   5.2516535887589082E-003
   3.3999999999999999        1.4446880000002600E-003   1.7326711879952439E-002   5.0954778695691460E-003
   3.3900000000000001        4.6751759999999467E-003   1.8722188399952832E-002   5.5163218670565943E-003
   3.3799999999999999        3.2688599999992018E-003   1.7868271079945999E-002   5.2833093592444987E-003
   3.3700000000000001        2.9722740000006067E-003   1.6629088769958830E-002   4.9318262187619429E-003
   3.3599999999999999        9.7295200000072622E-004   1.5954674879963267E-002   4.7481334060621916E-003
   3.3500000000000001        6.2599439999993425E-003   1.8037336039956341E-002   5.3725818331561825E-003
   3.3399999999999999        1.0128921999998668E-002   1.7982146469942742E-002   5.3531591045091875E-003
   3.3300000000000001        1.5222823999999777E-002   1.8614381559953534E-002   5.5203144712968671E-003
   3.3199999999999998        4.7723420000000821E-003   1.6453101969959940E-002   4.9488935909021018E-003
   3.3100000000000001        5.2690960000003105E-003   1.9826475459942039E-002   5.9814840142854439E-003
   3.2999999999999998        5.2328340000005642E-003   1.8152496429946551E-002   5.4924587509924214E-003
   3.2900000000000000        6.7801940000011196E-003   1.7477574749961741E-002   5.2983597930954685E-003
   3.2800000000000002        1.2859026000000308E-002   2.0529246649944582E-002   6.2085036891085053E-003
   3.2700000000000000        1.1290160000000725E-003   1.7281521899948762E-002   5.2844792730337943E-003
   3.2599999999999998        6.2496200000059648E-004   1.9243363389945773E-002   5.9027523964553155E-003
   3.2500000000000000        9.5280339999991321E-003   2.0020962949951336E-002   6.1323629286295991E-003
   3.2400000000000002        6.6591659999995553E-003   2.0508698789945178E-002   6.3161587339906249E-003
   3.2300000000000000        1.9264899999991627E-003   2.2046960089948421E-002   6.8245352093586151E-003
   3.2199999999999998        9.8884740000010039E-003   2.0378417949940896E-002   6.2983341713950943E-003
   3.2100000000000000        6.9029959999996416E-003   2.1004349319951238E-002   6.5285663446028736E-003
   3.2000000000000002        2.9519539999990638E-003   2.0828673189950402E-002   6.5062372367288412E-003
   3.1899999999999999        1.0791558000000106E-002   2.2463684849939009E-002   7.0054003529378198E-003
   3.1799999999999997        7.1903340000009615E-003   2.3596165509947524E-002   7.4039196877094199E-003
   3.1699999999999999        6.5972879999998393E-003   2.3192158819945137E-002   7.3024083946341299E-003
   3.1600000000000001        5.9820000000006847E-003   2.2018049259952235E-002   6.9564129544152607E-003
   3.1499999999999999        9.1852419999991133E-003   2.2136792109950700E-002   7.0007693458260800E-003
   3.1400000000000001        3.8129020000002884E-003   2.4011847849949978E-002   7.6424552956332386E-003
   3.1299999999999999        7.0110400000007143E-003   2.5067719859939344E-002   7.9931518140759529E-003
   3.1200000000000001        2.9968920000008610E-003   2.4028064559941126E-002   7.6984241020132873E-003
   3.1099999999999999        8.5584100000013191E-003   2.2786392669954438E-002   7.3032624720984936E-003
   3.1000000000000001        1.5234909999999461E-002   2.5593362849936449E-002   8.1810517313639884E-003
   3.0899999999999999        1.9629620000008118E-003   2.5221190009944838E-002   8.1609504175182510E-003
   3.0800000000000001        4.9047719999997345E-003   2.1733355319943141E-002   7.0484735492114155E-003
   3.0699999999999998        1.9177720000024703E-003   2.6799738699947555E-002   8.7283585832259158E-003
   3.0600000000000001        9.8845540000002327E-003   2.3797857749944959E-002   7.7451481510346530E-003
   3.0499999999999998        3.1738880000006897E-003   2.7582223159955080E-002   9.0400490475142734E-003
   3.0400000000000000        2.8135539999999170E-003   2.7689439909961280E-002   9.1057644157402518E-003
   3.0300000000000002        8.6887220000003967E-003   2.7453817649949697E-002   9.0357504158271960E-003
   3.0200000000000000        5.2875980000003479E-003   2.7298288529951895E-002   9.0299105421663209E-003
   3.0099999999999998        3.9499939999993947E-003   2.8907618629967317E-002   9.5986764708861430E-003
   3.0000000000000000        1.3650105999999397E-002   2.7943451549945528E-002   9.2523753853781011E-003
   2.9900000000000002        1.4670136000000319E-002   2.8188052619945152E-002   9.3554647925373404E-003
   2.9800000000000000        1.3813092000004523E-002   2.7558622299964489E-002   9.1838324796523155E-003
   2.9699999999999998        6.0100639999998429E-003   2.8080128159956443E-002   9.4424266971960772E-003
   2.9600000000000000        1.8503787999997360E-002   3.0704725799966335E-002   1.0257545820816718E-002
   2.9500000000000002        2.7700247999999247E-002   3.3897051019997904E-002   1.1230422807029301E-002
   2.9399999999999999        3.8460700000005127E-003   3.1114341110002001E-002   1.0578077842026223E-002
   2.9299999999999997        3.1520827999998724E-002   3.1647148879961118E-002   1.0461974840326150E-002
   2.9199999999999999        5.3324120000000164E-003   3.2408920059987620E-002   1.1089207343236259E-002
   2.9100000000000001        2.6480373999999317E-002   3.8312848829968243E-002   1.2924961726044126E-002
   2.8999999999999999        1.8467540000003616E-002   3.4936607439978888E-002   1.1929502553905916E-002
   2.8899999999999997        9.1094000005157555E-005   3.5515706050001462E-002   1.2289168772278418E-002
   2.8799999999999999        2.3829686000000287E-002   3.6165486009999581E-002   1.2360288914979504E-002
   2.8700000000000001        1.0880202000001650E-002   3.7235952469996420E-002   1.2932952499803335E-002
   2.8599999999999999        3.4136560000033642E-003   3.5881868480009037E-002   1.2542033368084855E-002
   2.8499999999999996        6.3152500000013103E-003   3.8440332569982791E-002   1.3473842171024659E-002
   2.8399999999999999        1.2726844000000258E-002   3.9968031479990500E-002   1.4016217930207802E-002
   2.8300000000000001        5.3802059999992101E-003   3.9837588549974344E-002   1.4066657926986543E-002
   2.8200000000000003        1.2464278000000153E-002   4.3266304789995901E-002   1.5287569703522909E-002
   2.8100000000000001        3.9896608000004372E-002   4.5694141380015291E-002   1.5694805000038888E-002
   2.7999999999999998        4.0568000000782572E-005   5.3559498160032006E-002   1.9128391612239067E-002
   2.7900000000000000        6.9920060000002284E-003   5.2161331610000396E-002   1.8678295147704787E-002
   2.7800000000000002        4.9383901999989495E-002   4.7554911630039130E-002   1.6228828004782217E-002
   2.7700000000000000        9.1035260000008559E-003   4.6266400470010301E-002   1.6672753171255456E-002
   2.7599999999999998        1.3655130000001870E-002   5.1501910690009783E-002   1.8592553664743782E-002
   2.7500000000000000        2.1939810000002863E-002   5.0067359970012083E-002   1.8031274438973038E-002
   2.7400000000000002        2.9301475999998529E-002   6.2864606220027111E-002   2.2629937855565191E-002
   2.7300000000000000        2.3583422000002480E-002   6.1444726430026256E-002   2.2303497669156062E-002
   2.7199999999999998        1.3671896000001446E-002   5.6491756140014844E-002   2.0700307132272056E-002
   2.7100000000000000        2.6065172000008591E-002   5.9917519860031375E-002   2.1859087331601971E-002
   2.7000000000000002        7.2699824000006366E-002   6.2125337820062076E-002   2.1051879040900064E-002
   2.6899999999999999        6.4117200000002678E-002   6.8614247920062585E-002   2.3978896871458086E-002
   2.6799999999999997        2.1692907999997253E-002   6.3596038520077988E-002   2.3554274724843900E-002
   2.6699999999999999        5.1293080000015335E-003   6.9474689200122550E-002   2.6010628988600626E-002
   2.6600000000000001        4.3279318000012924E-002   6.2811838550032945E-002   2.2909300444919813E-002
   2.6499999999999999        1.5657142000002924E-002   7.1521190470052412E-002   2.6896620518658172E-002
   2.6399999999999997        1.3637372000000652E-002   6.6533914740107739E-002   2.5131794251909600E-002
   2.6299999999999999        3.1926626000019435E-002   8.7311046710214724E-002   3.2810546487631036E-002
   2.6200000000000001        3.7193161999993320E-002   7.0697637510035244E-002   2.6455842065067747E-002
   2.6099999999999999        1.0950568000000565E-002   7.5763724540134164E-002   2.8982302528969935E-002
   2.5999999999999996        1.7305725999997752E-002   8.5742092570193384E-002   3.2862540160694773E-002
   2.5899999999999999        6.1929075999994469E-002  0.10174625234015759        3.7803491075654248E-002
   2.5800000000000001        2.5687504000000572E-002   8.5428905060176946E-002   3.2856223720320502E-002
   2.5700000000000003        9.2728159999960567E-003   9.5001170160146226E-002   3.6931978616177599E-002
   2.5600000000000001        3.4820874000000217E-002  0.12534955647005042        4.8491040314033798E-002
   2.5499999999999998        3.5014456000004059E-002  0.11649597040018984        4.5203905204397508E-002
   2.5400000000000000        4.8298331999996696E-002  0.12933813382019457        5.0002127931579793E-002
   2.5300000000000002        1.7544326000000877E-002  0.11716897941027528        4.6190188156316585E-002
   2.5200000000000000       0.10317931600000647       0.13279132406035618        4.8470378099256743E-002
   2.5099999999999998        3.3682782000003700E-002  0.14916015487031847        5.8974352616358056E-002
   2.5000000000000000       0.13361558799993548       0.14465725210046815        5.0721650697559864E-002
   2.4900000000000002        1.1458589999963296E-002  0.14081864619030360        5.6500942532335875E-002
   2.4800000000000000        4.0961012000008623E-002  0.12341977578024550        4.9089504546847039E-002
   2.4699999999999998        5.4139059999941241E-003  0.14117069183019920        5.7142259697175082E-002
   2.4600000000000000       0.16719232400002826       0.19080917164025349        6.6201584729968732E-002
   2.4500000000000002       0.16365914400002893       0.19153456934027757        6.7245001602226670E-002
   2.4399999999999999        2.8745874000000064E-002  0.19935827009036763        8.1365551155058918E-002
   2.4299999999999997        3.5522374000000106E-002  0.20998502761047780        8.5894316278140731E-002
   2.4199999999999999        9.9533920000143383E-002  0.24920910072043392        9.8885165078445872E-002
   2.4100000000000001        6.3975934000029044E-002  0.26702491607063300       0.10910041325288669     
   2.3999999999999999        4.2920784000095656E-002  0.29338771074089326       0.12147729876737934     
   2.3899999999999997       0.17973178199992285       0.26952956341075951        9.9257761485310347E-002
   2.3799999999999999       0.21220908399988822       0.29473590844053354       0.10491731643212687     
   2.3700000000000001        5.6465409999991549E-002  0.29594165727077426       0.12352460537734476     
   2.3599999999999999       0.26958944199989204       0.29769903313023627        9.5347697412043700E-002
   2.3499999999999996       0.33106874399965719       0.36748873102093438       0.10973711394358462     
   2.3399999999999999        8.9457150000010588E-002  0.37916149143047806       0.15861491869416824     
   2.3300000000000001       0.39869862799993655       0.37224135256131613        9.1536805404413890E-002
   2.3200000000000003       0.47117598999989785       0.38318743107122105        6.9474404102947071E-002
   2.3100000000000001       0.59472745799940852       0.42294000699140422        2.9973704628989618E-002
   2.2999999999999998       0.26044402199999406       0.45245902731081677       0.16722953857186237     
   2.2900000000000000       0.33404881199983805       0.47878971558043837       0.16034982828905470     
   2.2800000000000002       0.35849314200009902       0.48418299497017359       0.15599371145134666     
   2.2700000000000000       0.52777566399980236       0.52817011737934905       0.10996606425943468     
   2.2599999999999998       0.74678367999986528       0.57632606491843485        8.2478761965901273E-003
   2.2500000000000000       0.76323541399993566       0.59740012172857571        6.6096997977433463E-003
   2.2400000000000002       0.19247918600032241       0.56717448758954092       0.23666350470812239     
   2.2300000000000000       0.75400170600024596       0.58835266560787070        8.8942120881566524E-003
   2.2199999999999998        1.2791022000251069E-002  0.58501460608892408       0.26344639452482577     
   2.2100000000000000       0.47749380800011770       0.62089734143861774       0.17778145011772148     
   2.2000000000000002       0.79684657599946396       0.64641650781768112        5.2054736980053111E-003
   2.1899999999999999       0.82919731199987079       0.69393943431726368        2.9092475294304394E-003
   2.1799999999999997       0.81416145199964896       0.67682992215747917        6.4087395574782043E-003
   2.1699999999999999       0.81921711199933289       0.68114269317787768        4.6202841407143704E-003
   2.1600000000000001       0.83965514400004981       0.71122716917766460        2.8733371907038005E-003
   2.1499999999999999       0.84855115599853004       0.72495285191769787        2.2854825912819333E-003
   2.1399999999999997       0.83968740599945935       0.71351083124779213        3.9420053521921870E-003
   2.1299999999999999       0.83489545399985277       0.70858914628798553        5.4172428067442435E-003
   2.1200000000000001       0.85752692399871278       0.74206262511831811        3.1651885545396384E-003
   2.1099999999999999       0.86477419599881733       0.75279011311781918        2.3486744324256940E-003
   2.0999999999999996       0.87318160199834538       0.76621574370848911        1.7950636381391940E-003
   2.0899999999999999       0.53953149000010092       0.75023970940865781       0.21968683287412863     
   2.0800000000000001       0.87330784599869549       0.76692275238835816        2.0462300507100442E-003
   2.0700000000000003       0.87639962599825150       0.77306582938879331        2.4103985212165424E-003
   2.0600000000000001       0.88536199599827281       0.78787264441901894        1.9450390587248774E-003
   2.0499999999999998       0.89608749999829029       0.80527501037905969        1.1230257199384298E-003
   2.0400000000000000       0.89589277999843486       0.80512652211991220        1.2267886600922753E-003
   2.0300000000000002       0.90330909999840991       0.81787953654073553        9.4197359645234241E-004
   2.0200000000000000       0.90476583199850880       0.82055944639988920        9.6942358808683288E-004
   2.0099999999999998       0.90976928999756124       0.82964073911039349        9.7541198394366225E-004
   2.0000000000000000       0.91374786599834634       0.83643843837116316        7.5163787731563625E-004
   1.9899999999999998       0.91625633199857526       0.84103207168076133        7.5698781571757994E-004
   1.9800000000000000       0.92054437799899536       0.84868978989164590        6.5042324549932954E-004
   1.9699999999999998       0.92212522399890440       0.85177357728223912        7.4043073462414335E-004
   1.9600000000000000       0.92622328599970905       0.85905993215203569        5.9712072649838275E-004
   1.9500000000000002       0.92710601399962422       0.86082186121240467        6.6476924006830232E-004
   1.9399999999999999       0.92939577399992201       0.86483766687289121        5.4699079586449097E-004
   1.9300000000000002       0.93094834399964665       0.86800515260306055        6.9447326807054897E-004
   1.9199999999999999       0.93455987400085572       0.87444568229250663        5.4350218750588708E-004
   1.9100000000000001       0.93534434200091265       0.87605064603253680        6.1864288974689625E-004
   1.8999999999999999       0.93813254000087365       0.88098369044280589        4.6896201806055269E-004
   1.8900000000000001       0.94171484400272532       0.88777616106322776        5.0228235351880445E-004
   1.8799999999999999       0.94485115000244690       0.89353802053312692        4.2251322988321908E-004
   1.8700000000000001       0.94611694400240332       0.89582112006307324        3.6569429659167083E-004
   1.8599999999999999       0.94966194000271220       0.90242119380341523        3.0289973854853345E-004
   1.8500000000000001       0.95037766800408630       0.90379201068328419        3.1043180670210888E-004
   1.8399999999999999       0.94868833800342156       0.90071520203328881        3.8349965738834643E-004
   1.8300000000000001       0.95177885000486351       0.90658709931357628        3.8476502568077719E-004
   1.8199999999999998       0.95491611400504872       0.91240300443394107        2.9572508100979782E-004
   1.8100000000000001       0.95560615600562060       0.91372548622381300        2.9964686628427726E-004
   1.7999999999999998       0.95736531000695979       0.91702964249514429        2.6739205023446685E-004
   1.7900000000000000       0.95977863200667746       0.92162335626423597        2.5046581431662916E-004
   1.7799999999999998       0.96106369600746577       0.92406258766503913        2.3548307949917705E-004
   1.7700000000000000       0.96242692200888968       0.92665960341501008        2.2261198164107415E-004
   1.7599999999999998       0.96328538600869140       0.92831304733496345        2.2404115741471821E-004
   1.7500000000000000       0.96498511000969223       0.93155317883609035        2.0395216895576138E-004
   1.7399999999999998       0.96688609801028702       0.93520312197610600        1.9218129341815323E-004
   1.7300000000000000       0.96798285001085849       0.93729051339556180        1.7324594243793546E-004
   1.7199999999999998       0.96782172201028704       0.93698858659603135        1.8005872155463362E-004
   1.7100000000000000       0.96964466801169424       0.94047878798664886        1.5672852815211923E-004
   1.6999999999999997       0.97092405001231896       0.94295358509611360        1.5298482575858553E-004
   1.6899999999999999       0.97196687201272902       0.94495822122766637        1.4119582098084867E-004
   1.6800000000000002       0.97322428801347483       0.94740276852637550        1.4122246847650795E-004
   1.6699999999999999       0.97453077801407162       0.94992075649716667        1.2605940146999704E-004
   1.6600000000000001       0.97499868401400314       0.95084241406692527        1.3251821559481021E-004
   1.6499999999999999       0.97609668601500787       0.95296185167768710        1.1946135042800228E-004
   1.6400000000000001       0.97566134001515992       0.95212626126688438        1.2878711384563086E-004
   1.6299999999999999       0.97742725801644703       0.95554189859786298        1.0911281246190569E-004
   1.6200000000000001       0.97795683201609052       0.95660376864695396        1.2605145679385116E-004
   1.6099999999999999       0.97910738601827996       0.95882904563804716        1.1041756676897234E-004
   1.6000000000000001       0.98006085401836396       0.96067940911786365        1.0008221166174502E-004
   1.5899999999999999       0.98116363001938356       0.96283298967825803        9.4918745562396341E-005
   1.5800000000000001       0.98142656801938544       0.96334311550702212        9.1776640957405800E-005
   1.5699999999999998       0.98224813202040828       0.96495555280724854        9.1821623991783307E-005
   1.5600000000000001       0.98336097602051642       0.96712416904704901        8.0358901939956931E-005
   1.5499999999999998       0.98410250002159128       0.96858351172558887        8.1149146350199786E-005
   1.5400000000000000       0.98406421402181576       0.96850653377693485        8.0621076987523913E-005
   1.5299999999999998       0.98557980002305856       0.97147386844507644        6.9494269009380875E-005
   1.5200000000000000       0.98599663202390575       0.97228951860530488        6.5894896591741460E-005
   1.5099999999999998       0.98618556202388685       0.97266307271548602        6.6960245772485530E-005
   1.5000000000000000       0.98709263002432901       0.97443968925512392        5.8552671184708416E-005
   1.4899999999999998       0.98740412002410349       0.97506067168414634        6.2936539310162184E-005
   1.4800000000000000       0.98765630002531135       0.97555592034476513        6.1454976403547924E-005
   1.4699999999999998       0.98803179202579228       0.97629966344360541        6.3157408099966152E-005
   1.4600000000000000       0.98893375402616190       0.97806424521332602        5.0873534964903409E-005
   1.4499999999999997       0.98909843002630715       0.97839161007378772        5.2348822953168218E-005
   1.4399999999999999       0.99012098602656073       0.98040479573323447        4.5297752101121816E-005
   1.4300000000000002       0.99043043602760505       0.98101659014125520        4.4854217778539723E-005
   1.4199999999999999       0.99074960602754825       0.98164610505257133        4.3185358330446269E-005
   1.4100000000000001       0.99142174202729483       0.98297334115126134        3.9908217606699639E-005
   1.3999999999999999       0.99178685602819994       0.98369587622068266        3.9077450272317904E-005
   1.3900000000000001       0.99182612402736470       0.98377537304179219        4.0512761616412360E-005
   1.3799999999999999       0.99243191202739289       0.98497139882099161        3.6448413510628036E-005
   1.3700000000000001       0.99281701602789441       0.98573146768090703        3.3460121441366452E-005
   1.3599999999999999       0.99338944602817292       0.98686306036945204        2.9756536243946370E-005
   1.3500000000000001       0.99378207202807556       0.98764042918002215        2.7868515264455409E-005
   1.3399999999999999       0.99427742002673936       0.98862259135922792        2.6121928506580093E-005
   1.3300000000000001       0.99452961402666695       0.98912311974941869        2.5538776983083106E-005
   1.3199999999999998       0.99476370602655395       0.98958651892965810        2.4006137858975737E-005
   1.3100000000000001       0.99511319002705201       0.99028081458965955        2.3323376980041361E-005
   1.2999999999999998       0.99521343602718004       0.99047929991938788        2.2705131047603328E-005
   1.2900000000000000       0.99534395202708803       0.99073889907956647        2.2725769507236062E-005
   1.2799999999999998       0.99546503602678371       0.99097868157963787        2.1909084243782604E-005
   1.2700000000000000       0.99572078602519076       0.99148648090904257        2.0942666471529055E-005
   1.2599999999999998       0.99611781202480010       0.99227369877922389        1.8256623927705365E-005
   1.2500000000000000       0.99639660202425051       0.99282660778814802        1.6335410140300156E-005
   1.2399999999999998       0.99649870002361074       0.99302890257923659        1.5518895556792914E-005
   1.2300000000000000       0.99671019802462812       0.99344896742845623        1.4429741595819166E-005
   1.2199999999999998       0.99684098602370708       0.99370933948915896        1.4252518395449182E-005
   1.2100000000000000       0.99711354802220986       0.99425109915876431        1.2951660598732537E-005
   1.1999999999999997       0.99727729602166582       0.99457698167903652        1.2480432292720040E-005
   1.1899999999999999       0.99746958002018427       0.99495980685981422        1.1969574934013192E-005
   1.1800000000000002       0.99760622001919075       0.99523148139916917        1.1280659484020640E-005
   1.1699999999999999       0.99787056401796437       0.99575734089950751        9.9815093821815730E-006
   1.1600000000000001       0.99802921201731765       0.99607346709911371        9.6198786255851048E-006
   1.1499999999999999       0.99810201001648824       0.99621821380908770        9.2099218553991413E-006
   1.1400000000000001       0.99825433001543074       0.99652147934926505        8.5718900951984287E-006
   1.1299999999999999       0.99830191801516543       0.99661613202923871        8.3296606022716435E-006
   1.1200000000000001       0.99843478001395947       0.99688077209943404        7.8233552771946242E-006
   1.1099999999999999       0.99857333801364023       0.99715665202912795        7.1537274091469149E-006
   1.1000000000000001       0.99878368201167766       0.99757556736892017        6.1126510146487911E-006
   1.0899999999999999       0.99889083801056244       0.99778912538969444        5.7056222483645463E-006
   1.0800000000000001       0.99895170001055111       0.99791024993980282        5.3249868820965849E-006
   1.0699999999999998       0.99898434001089431       0.99797495409946180        4.8995443548618679E-006
   1.0600000000000001       0.99901608201040681       0.99803817298922348        4.7555413203773045E-006
   1.0499999999999998       0.99905806200997460       0.99812199242930433        4.7439639791083530E-006
   1.0400000000000000       0.99915864600913595       0.99832235019011828        4.1829762581064166E-006
   1.0299999999999998       0.99926088600813134       0.99852619018945599        3.7591103886638495E-006
   1.0200000000000000       0.99925138800756430       0.99850744893961441        4.0318672260319279E-006
   1.0099999999999998       0.99938322000653479       0.99877020822008977        3.3542469899526606E-006
   1.0000000000000000       0.99945427600602765       0.99891193189983707        3.0820731041769633E-006
  0.98999999999999977       0.99945689800560067       0.99891714810939503        3.0880186034516889E-006
  0.97999999999999998       0.99957541200452471       0.99915332775942123        2.3708932712776463E-006
  0.96999999999999975       0.99963500200404298       0.99927204616997001        1.9679776772686668E-006
  0.95999999999999996       0.99969162800372824       0.99938493315951638        1.6479778872554216E-006
  0.94999999999999973       0.99977004400281677       0.99954134360031854        1.2660157098104131E-006
  0.93999999999999995       0.99980393000219370       0.99960893530966322        1.1030445018371379E-006
  0.92999999999999972       0.99984357200206353       0.99968795245993303        8.4299579288453300E-007
  0.91999999999999993       0.99984754000186493       0.99969586437988445        8.2731750387619340E-007
  0.91000000000000014       0.99986774400162215       0.99973617107963542        7.3141180438226019E-007
  0.89999999999999991       0.99995624000059202       0.99991269968000873        2.4195987460531558E-007
  0.89000000000000012       0.99996545000041803       0.99993107363006062        1.9374777762173855E-007
  0.87999999999999989       0.99997905600039250       0.99995822616015728        1.2922809224229101E-007
  0.87000000000000011        1.0000000000000000        1.0000000000000000        0.0000000000000000     
  0.85999999999999988        1.0000000000000000        1.0000000000000000        0.0000000000000000     
  0.85000000000000009        1.0000000000000000        1.0000000000000000        0.0000000000000000     
  0.83999999999999986        1.0000000000000000        1.0000000000000000        0.0000000000000000     
  0.83000000000000007        1.0000000000000000        1.0000000000000000        0.0000000000000000     
  0.81999999999999984        1.0000000000000000        1.0000000000000000        0.0000000000000000     
  0.81000000000000005        1.0000000000000000        1.0000000000000000        0.0000000000000000     
  0.79999999999999982        1.0000000000000000        1.0000000000000000        0.0000000000000000     
  0.79000000000000004        1.0000000000000000        1.0000000000000000        0.0000000000000000     
  0.77999999999999980        1.0000000000000000        1.0000000000000000        0.0000000000000000     
  0.77000000000000002        1.0000000000000000        1.0000000000000000        0.0000000000000000     
  0.75999999999999979        1.0000000000000000        1.0000000000000000        0.0000000000000000     
  0.75000000000000000        1.0000000000000000        1.0000000000000000        0.0000000000000000     
  0.73999999999999977        1.0000000000000000        1.0000000000000000        0.0000000000000000     
  0.72999999999999998        1.0000000000000000        1.0000000000000000        0.0000000000000000     
  0.71999999999999975        1.0000000000000000        1.0000000000000000        0.0000000000000000     
  0.70999999999999996        1.0000000000000000        1.0000000000000000        0.0000000000000000     
  0.69999999999999973        1.0000000000000000        1.0000000000000000        0.0000000000000000     
  0.68999999999999995        1.0000000000000000        1.0000000000000000        0.0000000000000000     
  0.67999999999999972        1.0000000000000000        1.0000000000000000        0.0000000000000000     
  0.66999999999999993        1.0000000000000000        1.0000000000000000        0.0000000000000000     
  0.66000000000000014        1.0000000000000000        1.0000000000000000        0.0000000000000000     
  0.64999999999999991        1.0000000000000000        1.0000000000000000        0.0000000000000000     
  0.64000000000000012        1.0000000000000000        1.0000000000000000        0.0000000000000000     
  0.62999999999999989        1.0000000000000000        1.0000000000000000        0.0000000000000000     
  0.62000000000000011        1.0000000000000000        1.0000000000000000        0.0000000000000000     
  0.60999999999999988        1.0000000000000000        1.0000000000000000        0.0000000000000000     
  0.60000000000000009        1.0000000000000000        1.0000000000000000        0.0000000000000000     
  0.58999999999999986        1.0000000000000000        1.0000000000000000        0.0000000000000000     
  0.58000000000000007        1.0000000000000000        1.0000000000000000        0.0000000000000000     
  0.56999999999999984        1.0000000000000000        1.0000000000000000        0.0000000000000000     
  0.56000000000000005        1.0000000000000000        1.0000000000000000        0.0000000000000000     
  0.54999999999999982        1.0000000000000000        1.0000000000000000        0.0000000000000000     
  0.54000000000000004        1.0000000000000000        1.0000000000000000        0.0000000000000000     
  0.52999999999999980        1.0000000000000000        1.0000000000000000        0.0000000000000000     
  0.52000000000000002       0.35717012199471010       0.15260599688948490        4.8145193930324598E-002
  0.50999999999999979       0.18674502000028839        4.3392027997886828E-002   1.6702599025448468E-002
  0.50000000000000000        1.0000000000000000        1.0000000000000000        0.0000000000000000     
  0.48999999999999977        1.0000000000000000        1.0000000000000000        0.0000000000000000     
  0.47999999999999998       0.50113336600046499       0.25122459560993760        1.8738560621164857E-004
  0.46999999999999975        1.0000000000000000        1.0000000000000000        0.0000000000000000     
  0.45999999999999996       0.18515585199845125        3.7082707238826076E-002   6.0869950207689044E-003
  0.44999999999999973       0.19423397600686176        3.8236606558485438E-002   1.1328202734472998E-003
  0.43999999999999995       0.10000000000402560        9.9999999995728124E-003  -2.8007031668578461E-012
  0.42999999999999972       0.30000000000826960        8.9999999997035715E-002  -1.8432671409889980E-011
  0.41999999999999993        1.0000000000000000        1.0000000000000000        0.0000000000000000     
  0.41000000000000014        1.0000000000000000        1.0000000000000000        0.0000000000000000     
  0.39999999999999991        1.0000000000000000        1.0000000000000000        0.0000000000000000     
  0.39000000000000012       0.40000000001610242       0.15999999999316500       -5.0556282806869823E-011
  0.37999999999999989       0.40000000001610242       0.15999999999316500       -5.1886711301787479E-011
  0.37000000000000011        1.0000000000000000        1.0000000000000000        0.0000000000000000     
  0.35999999999999988       0.10000000000402560        9.9999999995728124E-003  -3.4230816483818127E-012
  0.35000000000000009        1.0000000000000000        1.0000000000000000        0.0000000000000000     
  0.33999999999999986        1.0000000000000000        1.0000000000000000        0.0000000000000000     
  0.33000000000000007        1.0000000000000000        1.0000000000000000        0.0000000000000000     
  0.31999999999999984        1.0000000000000000        1.0000000000000000        0.0000000000000000     
  0.31000000000000005       0.20000000000805121        3.9999999998291250E-002  -1.5900766366676801E-011
  0.29999999999999982        1.0000000000000000        1.0000000000000000        0.0000000000000000     
  0.29000000000000004        1.0000000000000000        1.0000000000000000        0.0000000000000000     
  0.27999999999999980        1.0000000000000000        1.0000000000000000        0.0000000000000000     
  0.27000000000000002        1.0000000000000000        1.0000000000000000        0.0000000000000000     
  0.25999999999999979        1.0000000000000000        1.0000000000000000        0.0000000000000000     
  0.25000000000000000        0.0000000000000000        0.0000000000000000        0.0000000000000000     
  0.23999999999999977       0.10000000000402560        9.9999999995728124E-003  -5.1346224725727229E-012
  0.22999999999999998       0.40000000001610242       0.15999999999316500       -8.5725870846431475E-011
  0.21999999999999975        1.0000000000000000        1.0000000000000000        0.0000000000000000     
  0.20999999999999996        1.0000000000000000        1.0000000000000000        0.0000000000000000     
  0.19999999999999973       0.10000000000402560        9.9999999995728124E-003  -6.1615469670872702E-012
  0.18999999999999995        1.0000000000000000        1.0000000000000000        0.0000000000000000     
  0.17999999999999972        1.0000000000000000        1.0000000000000000        0.0000000000000000     
  0.16999999999999993       0.10000000000402560        9.9999999995728124E-003  -7.2488787848085451E-012
  0.16000000000000014        1.0000000000000000        1.0000000000000000        0.0000000000000000     
  0.14999999999999991        1.0000000000000000        1.0000000000000000        0.0000000000000000     
  0.14000000000000012       0.20000000000805121        3.9999999998291250E-002  -3.5208839811927172E-011
  0.12999999999999989        1.0000000000000000        1.0000000000000000        0.0000000000000000     
  0.12000000000000011       0.10000000000402560        9.9999999995728124E-003  -1.0269244945145428E-011
  0.10999999999999988        1.0000000000000000        1.0000000000000000        0.0000000000000000     
  0.10000000000000009       0.20000000000805121        3.9999999998291250E-002  -4.9292375736698046E-011
